  4497.500  0.8990E-04  0.8965E-04  0.6751E-04  0.6735E-04  0.3484E-04  0.3480E-04
  4497.550  0.8990E-04  0.8965E-04  0.6751E-04  0.6735E-04  0.3484E-04  0.3481E-04
  4497.600  0.8990E-04  0.8939E-04  0.6751E-04  0.6708E-04  0.3484E-04  0.3462E-04
  4497.650  0.8990E-04  0.8877E-04  0.6751E-04  0.6640E-04  0.3484E-04  0.3408E-04
  4497.700  0.8990E-04  0.8923E-04  0.6751E-04  0.6691E-04  0.3484E-04  0.3449E-04
  4497.750  0.8990E-04  0.8960E-04  0.6750E-04  0.6730E-04  0.3484E-04  0.3478E-04
  4497.800  0.8990E-04  0.8965E-04  0.6750E-04  0.6734E-04  0.3484E-04  0.3479E-04
  4497.850  0.8990E-04  0.8955E-04  0.6750E-04  0.6723E-04  0.3484E-04  0.3467E-04
  4497.900  0.8990E-04  0.8956E-04  0.6750E-04  0.6726E-04  0.3484E-04  0.3473E-04
  4497.950  0.8990E-04  0.8945E-04  0.6750E-04  0.6715E-04  0.3484E-04  0.3466E-04
  4498.000  0.8989E-04  0.8967E-04  0.6750E-04  0.6737E-04  0.3484E-04  0.3482E-04
  4498.050  0.8989E-04  0.8968E-04  0.6750E-04  0.6738E-04  0.3484E-04  0.3482E-04
  4498.100  0.8989E-04  0.8968E-04  0.6750E-04  0.6737E-04  0.3484E-04  0.3482E-04
  4498.150  0.8989E-04  0.8969E-04  0.6750E-04  0.6739E-04  0.3484E-04  0.3483E-04
  4498.200  0.8989E-04  0.8969E-04  0.6750E-04  0.6739E-04  0.3484E-04  0.3483E-04
  4498.250  0.8989E-04  0.8969E-04  0.6750E-04  0.6739E-04  0.3485E-04  0.3483E-04
  4498.300  0.8989E-04  0.8969E-04  0.6750E-04  0.6739E-04  0.3485E-04  0.3483E-04
  4498.350  0.8989E-04  0.8969E-04  0.6750E-04  0.6739E-04  0.3485E-04  0.3483E-04
  4498.400  0.8989E-04  0.8969E-04  0.6750E-04  0.6739E-04  0.3485E-04  0.3483E-04
  4498.450  0.8989E-04  0.8966E-04  0.6750E-04  0.6736E-04  0.3485E-04  0.3481E-04
  4498.500  0.8989E-04  0.8834E-04  0.6750E-04  0.6597E-04  0.3485E-04  0.3377E-04
  4498.550  0.8989E-04  0.8738E-04  0.6750E-04  0.6496E-04  0.3485E-04  0.3305E-04
  4498.600  0.8988E-04  0.8944E-04  0.6750E-04  0.6713E-04  0.3485E-04  0.3463E-04
  4498.650  0.8988E-04  0.8966E-04  0.6750E-04  0.6735E-04  0.3485E-04  0.3481E-04
  4498.700  0.8988E-04  0.8938E-04  0.6750E-04  0.6706E-04  0.3485E-04  0.3457E-04
  4498.750  0.8988E-04  0.8950E-04  0.6750E-04  0.6719E-04  0.3485E-04  0.3468E-04
  4498.800  0.8988E-04  0.8966E-04  0.6750E-04  0.6737E-04  0.3485E-04  0.3482E-04
  4498.850  0.8988E-04  0.8927E-04  0.6750E-04  0.6695E-04  0.3485E-04  0.3451E-04
  4498.900  0.8988E-04  0.8811E-04  0.6750E-04  0.6571E-04  0.3485E-04  0.3352E-04
  4498.950  0.8988E-04  0.8935E-04  0.6750E-04  0.6705E-04  0.3485E-04  0.3458E-04
  4499.000  0.8988E-04  0.8963E-04  0.6750E-04  0.6735E-04  0.3485E-04  0.3482E-04
  4499.050  0.8988E-04  0.8967E-04  0.6749E-04  0.6738E-04  0.3485E-04  0.3483E-04
  4499.100  0.8988E-04  0.8968E-04  0.6749E-04  0.6739E-04  0.3485E-04  0.3484E-04
  4499.150  0.8988E-04  0.8968E-04  0.6749E-04  0.6739E-04  0.3485E-04  0.3484E-04
  4499.200  0.8987E-04  0.8966E-04  0.6749E-04  0.6737E-04  0.3485E-04  0.3483E-04
  4499.250  0.8987E-04  0.8954E-04  0.6749E-04  0.6727E-04  0.3485E-04  0.3478E-04
  4499.300  0.8987E-04  0.8947E-04  0.6749E-04  0.6721E-04  0.3485E-04  0.3475E-04
  4499.350  0.8987E-04  0.8966E-04  0.6749E-04  0.6737E-04  0.3485E-04  0.3483E-04
  4499.400  0.8987E-04  0.8968E-04  0.6749E-04  0.6738E-04  0.3485E-04  0.3484E-04
  4499.450  0.8987E-04  0.8968E-04  0.6749E-04  0.6738E-04  0.3485E-04  0.3484E-04
  4499.500  0.8987E-04  0.8968E-04  0.6749E-04  0.6738E-04  0.3485E-04  0.3484E-04
  4499.550  0.8987E-04  0.8967E-04  0.6749E-04  0.6738E-04  0.3485E-04  0.3484E-04
  4499.600  0.8987E-04  0.8966E-04  0.6749E-04  0.6737E-04  0.3485E-04  0.3484E-04
  4499.650  0.8987E-04  0.8911E-04  0.6749E-04  0.6691E-04  0.3485E-04  0.3461E-04
  4499.700  0.8987E-04  0.8840E-04  0.6749E-04  0.6630E-04  0.3485E-04  0.3429E-04
  4499.750  0.8987E-04  0.8956E-04  0.6749E-04  0.6729E-04  0.3485E-04  0.3480E-04
  4499.800  0.8986E-04  0.8967E-04  0.6749E-04  0.6738E-04  0.3485E-04  0.3484E-04
  4499.850  0.8986E-04  0.8967E-04  0.6749E-04  0.6738E-04  0.3485E-04  0.3484E-04
  4499.900  0.8986E-04  0.8967E-04  0.6749E-04  0.6738E-04  0.3485E-04  0.3484E-04
  4499.950  0.8986E-04  0.8967E-04  0.6749E-04  0.6738E-04  0.3485E-04  0.3484E-04
  4500.000  0.8986E-04  0.8967E-04  0.6749E-04  0.6738E-04  0.3485E-04  0.3484E-04
  4500.050  0.8986E-04  0.8967E-04  0.6749E-04  0.6738E-04  0.3485E-04  0.3484E-04
  4500.100  0.8986E-04  0.8967E-04  0.6749E-04  0.6738E-04  0.3485E-04  0.3484E-04
  4500.150  0.8986E-04  0.8966E-04  0.6749E-04  0.6738E-04  0.3485E-04  0.3484E-04
  4500.200  0.8986E-04  0.8964E-04  0.6749E-04  0.6736E-04  0.3485E-04  0.3483E-04
  4500.250  0.8986E-04  0.8905E-04  0.6749E-04  0.6672E-04  0.3485E-04  0.3433E-04
  4500.300  0.8986E-04  0.8845E-04  0.6748E-04  0.6607E-04  0.3485E-04  0.3375E-04
  4500.350  0.8986E-04  0.8648E-04  0.6748E-04  0.6389E-04  0.3485E-04  0.3172E-04
  4500.400  0.8985E-04  0.8897E-04  0.6748E-04  0.6661E-04  0.3485E-04  0.3413E-04
  4500.450  0.8985E-04  0.8965E-04  0.6748E-04  0.6736E-04  0.3485E-04  0.3483E-04
  4500.500  0.8985E-04  0.8955E-04  0.6748E-04  0.6727E-04  0.3485E-04  0.3477E-04
  4500.550  0.8985E-04  0.8923E-04  0.6748E-04  0.6695E-04  0.3485E-04  0.3454E-04
  4500.600  0.8985E-04  0.8958E-04  0.6748E-04  0.6730E-04  0.3486E-04  0.3478E-04
  4500.650  0.8985E-04  0.8965E-04  0.6748E-04  0.6736E-04  0.3486E-04  0.3483E-04
  4500.700  0.8985E-04  0.8964E-04  0.6748E-04  0.6735E-04  0.3486E-04  0.3483E-04
  4500.750  0.8985E-04  0.8965E-04  0.6748E-04  0.6737E-04  0.3486E-04  0.3484E-04
  4500.800  0.8985E-04  0.8965E-04  0.6748E-04  0.6737E-04  0.3486E-04  0.3484E-04
  4500.850  0.8985E-04  0.8965E-04  0.6748E-04  0.6737E-04  0.3486E-04  0.3484E-04
  4500.900  0.8985E-04  0.8965E-04  0.6748E-04  0.6736E-04  0.3486E-04  0.3484E-04
  4500.950  0.8985E-04  0.8964E-04  0.6748E-04  0.6736E-04  0.3486E-04  0.3483E-04
  4501.000  0.8984E-04  0.8960E-04  0.6748E-04  0.6732E-04  0.3486E-04  0.3481E-04
  4501.050  0.8984E-04  0.8909E-04  0.6748E-04  0.6679E-04  0.3486E-04  0.3442E-04
  4501.100  0.8984E-04  0.8886E-04  0.6748E-04  0.6660E-04  0.3486E-04  0.3431E-04
  4501.150  0.8984E-04  0.8945E-04  0.6748E-04  0.6717E-04  0.3486E-04  0.3470E-04
  4501.200  0.8984E-04  0.7576E-04  0.6748E-04  0.5327E-04  0.3486E-04  0.2546E-04
  4501.250  0.8984E-04  0.1995E-04  0.6748E-04  0.1765E-04  0.3486E-04  0.1379E-04
  4501.300  0.8984E-04  0.2106E-04  0.6748E-04  0.1828E-04  0.3486E-04  0.1422E-04
  4501.350  0.8984E-04  0.8098E-04  0.6748E-04  0.5836E-04  0.3486E-04  0.2821E-04
  4501.400  0.8984E-04  0.8949E-04  0.6748E-04  0.6721E-04  0.3486E-04  0.3473E-04
  4501.450  0.8984E-04  0.8960E-04  0.6748E-04  0.6732E-04  0.3486E-04  0.3481E-04
  4501.500  0.8984E-04  0.8962E-04  0.6748E-04  0.6734E-04  0.3486E-04  0.3483E-04
  4501.550  0.8984E-04  0.8963E-04  0.6748E-04  0.6735E-04  0.3486E-04  0.3483E-04
  4501.600  0.8983E-04  0.8959E-04  0.6747E-04  0.6731E-04  0.3486E-04  0.3480E-04
  4501.650  0.8983E-04  0.8956E-04  0.6747E-04  0.6728E-04  0.3486E-04  0.3478E-04
  4501.700  0.8983E-04  0.8961E-04  0.6747E-04  0.6733E-04  0.3486E-04  0.3482E-04
  4501.750  0.8983E-04  0.8950E-04  0.6747E-04  0.6721E-04  0.3486E-04  0.3472E-04
  4501.800  0.8983E-04  0.8931E-04  0.6747E-04  0.6700E-04  0.3486E-04  0.3451E-04
  4501.850  0.8983E-04  0.8959E-04  0.6747E-04  0.6731E-04  0.3486E-04  0.3479E-04
  4501.900  0.8983E-04  0.8962E-04  0.6747E-04  0.6735E-04  0.3486E-04  0.3484E-04
  4501.950  0.8983E-04  0.8959E-04  0.6747E-04  0.6732E-04  0.3486E-04  0.3482E-04
  4502.000  0.8983E-04  0.8963E-04  0.6747E-04  0.6735E-04  0.3486E-04  0.3484E-04
  4502.050  0.8983E-04  0.8964E-04  0.6747E-04  0.6737E-04  0.3486E-04  0.3485E-04
  4502.100  0.8983E-04  0.8964E-04  0.6747E-04  0.6736E-04  0.3486E-04  0.3485E-04
  4502.150  0.8983E-04  0.8953E-04  0.6747E-04  0.6725E-04  0.3486E-04  0.3476E-04
  4502.200  0.8982E-04  0.8826E-04  0.6747E-04  0.6589E-04  0.3486E-04  0.3368E-04
  4502.250  0.8982E-04  0.8907E-04  0.6747E-04  0.6676E-04  0.3486E-04  0.3436E-04
  4502.300  0.8982E-04  0.8963E-04  0.6747E-04  0.6736E-04  0.3486E-04  0.3484E-04
  4502.350  0.8982E-04  0.8963E-04  0.6747E-04  0.6736E-04  0.3486E-04  0.3485E-04
  4502.400  0.8982E-04  0.8963E-04  0.6747E-04  0.6736E-04  0.3486E-04  0.3485E-04
  4502.450  0.8982E-04  0.8963E-04  0.6747E-04  0.6736E-04  0.3486E-04  0.3485E-04
  4502.500  0.8982E-04  0.8963E-04  0.6747E-04  0.6736E-04  0.3486E-04  0.3485E-04
  4502.550  0.8982E-04  0.8947E-04  0.6747E-04  0.6719E-04  0.3486E-04  0.3472E-04
  4502.600  0.8982E-04  0.8916E-04  0.6747E-04  0.6687E-04  0.3486E-04  0.3446E-04
  4502.650  0.8982E-04  0.8959E-04  0.6747E-04  0.6732E-04  0.3486E-04  0.3482E-04
  4502.700  0.8982E-04  0.8963E-04  0.6747E-04  0.6736E-04  0.3486E-04  0.3485E-04
  4502.750  0.8982E-04  0.8963E-04  0.6747E-04  0.6736E-04  0.3486E-04  0.3485E-04
  4502.800  0.8981E-04  0.8963E-04  0.6747E-04  0.6736E-04  0.3486E-04  0.3485E-04
  4502.850  0.8981E-04  0.8963E-04  0.6746E-04  0.6736E-04  0.3486E-04  0.3485E-04
  4502.900  0.8981E-04  0.8963E-04  0.6746E-04  0.6736E-04  0.3486E-04  0.3485E-04
  4502.950  0.8981E-04  0.8962E-04  0.6746E-04  0.6736E-04  0.3487E-04  0.3485E-04
  4503.000  0.8981E-04  0.8962E-04  0.6746E-04  0.6735E-04  0.3487E-04  0.3485E-04
  4503.050  0.8981E-04  0.8960E-04  0.6746E-04  0.6734E-04  0.3487E-04  0.3484E-04
  4503.100  0.8981E-04  0.8961E-04  0.6746E-04  0.6734E-04  0.3487E-04  0.3484E-04
  4503.150  0.8981E-04  0.8957E-04  0.6746E-04  0.6731E-04  0.3487E-04  0.3482E-04
  4503.200  0.8981E-04  0.8935E-04  0.6746E-04  0.6709E-04  0.3487E-04  0.3468E-04
  4503.250  0.8981E-04  0.8957E-04  0.6746E-04  0.6731E-04  0.3487E-04  0.3482E-04
  4503.300  0.8981E-04  0.8962E-04  0.6746E-04  0.6736E-04  0.3487E-04  0.3485E-04
  4503.350  0.8980E-04  0.8962E-04  0.6746E-04  0.6736E-04  0.3487E-04  0.3485E-04
  4503.400  0.8980E-04  0.8962E-04  0.6746E-04  0.6736E-04  0.3487E-04  0.3485E-04
  4503.450  0.8980E-04  0.8962E-04  0.6746E-04  0.6736E-04  0.3487E-04  0.3485E-04
  4503.500  0.8980E-04  0.8961E-04  0.6746E-04  0.6735E-04  0.3487E-04  0.3485E-04
  4503.550  0.8980E-04  0.8957E-04  0.6746E-04  0.6731E-04  0.3487E-04  0.3482E-04
  4503.600  0.8980E-04  0.8960E-04  0.6746E-04  0.6734E-04  0.3487E-04  0.3485E-04
  4503.650  0.8980E-04  0.8961E-04  0.6746E-04  0.6735E-04  0.3487E-04  0.3485E-04
  4503.700  0.8980E-04  0.8961E-04  0.6746E-04  0.6735E-04  0.3487E-04  0.3485E-04
  4503.750  0.8980E-04  0.8959E-04  0.6746E-04  0.6733E-04  0.3487E-04  0.3483E-04
  4503.800  0.8980E-04  0.8958E-04  0.6746E-04  0.6731E-04  0.3487E-04  0.3482E-04
  4503.850  0.8980E-04  0.8960E-04  0.6746E-04  0.6734E-04  0.3487E-04  0.3484E-04
  4503.900  0.8980E-04  0.8957E-04  0.6746E-04  0.6731E-04  0.3487E-04  0.3482E-04
  4503.950  0.8979E-04  0.8959E-04  0.6746E-04  0.6734E-04  0.3487E-04  0.3484E-04
  4504.000  0.8979E-04  0.8961E-04  0.6746E-04  0.6735E-04  0.3487E-04  0.3485E-04
  4504.050  0.8979E-04  0.8961E-04  0.6746E-04  0.6735E-04  0.3487E-04  0.3485E-04
  4504.100  0.8979E-04  0.8961E-04  0.6746E-04  0.6735E-04  0.3487E-04  0.3486E-04
  4504.150  0.8979E-04  0.8961E-04  0.6745E-04  0.6735E-04  0.3487E-04  0.3486E-04
  4504.200  0.8979E-04  0.8960E-04  0.6745E-04  0.6735E-04  0.3487E-04  0.3485E-04
  4504.250  0.8979E-04  0.8960E-04  0.6745E-04  0.6735E-04  0.3487E-04  0.3486E-04
  4504.300  0.8979E-04  0.8946E-04  0.6745E-04  0.6722E-04  0.3487E-04  0.3478E-04
  4504.350  0.8979E-04  0.8915E-04  0.6745E-04  0.6693E-04  0.3487E-04  0.3459E-04
  4504.400  0.8979E-04  0.8955E-04  0.6745E-04  0.6731E-04  0.3487E-04  0.3483E-04
  4504.450  0.8979E-04  0.8960E-04  0.6745E-04  0.6735E-04  0.3487E-04  0.3486E-04
  4504.500  0.8979E-04  0.8956E-04  0.6745E-04  0.6730E-04  0.3487E-04  0.3482E-04
  4504.550  0.8978E-04  0.8933E-04  0.6745E-04  0.6705E-04  0.3487E-04  0.3460E-04
  4504.600  0.8978E-04  0.8955E-04  0.6745E-04  0.6729E-04  0.3487E-04  0.3481E-04
  4504.650  0.8978E-04  0.8960E-04  0.6745E-04  0.6735E-04  0.3487E-04  0.3486E-04
  4504.700  0.8978E-04  0.8960E-04  0.6745E-04  0.6735E-04  0.3487E-04  0.3486E-04
  4504.750  0.8978E-04  0.8959E-04  0.6745E-04  0.6734E-04  0.3487E-04  0.3485E-04
  4504.800  0.8978E-04  0.8908E-04  0.6745E-04  0.6679E-04  0.3487E-04  0.3442E-04
  4504.850  0.8978E-04  0.8889E-04  0.6745E-04  0.6659E-04  0.3487E-04  0.3426E-04
  4504.900  0.8978E-04  0.8957E-04  0.6745E-04  0.6732E-04  0.3487E-04  0.3484E-04
  4504.950  0.8978E-04  0.8960E-04  0.6745E-04  0.6735E-04  0.3487E-04  0.3486E-04
  4505.000  0.8978E-04  0.8960E-04  0.6745E-04  0.6735E-04  0.3487E-04  0.3486E-04
  4505.050  0.8978E-04  0.8960E-04  0.6745E-04  0.6735E-04  0.3487E-04  0.3486E-04
  4505.100  0.8978E-04  0.8960E-04  0.6745E-04  0.6735E-04  0.3487E-04  0.3486E-04
  4505.150  0.8977E-04  0.8959E-04  0.6745E-04  0.6735E-04  0.3487E-04  0.3486E-04
  4505.200  0.8977E-04  0.8953E-04  0.6745E-04  0.6728E-04  0.3487E-04  0.3481E-04
  4505.250  0.8977E-04  0.8949E-04  0.6745E-04  0.6724E-04  0.3487E-04  0.3478E-04
  4505.300  0.8977E-04  0.8957E-04  0.6745E-04  0.6733E-04  0.3488E-04  0.3485E-04
  4505.350  0.8977E-04  0.8959E-04  0.6745E-04  0.6734E-04  0.3488E-04  0.3486E-04
  4505.400  0.8977E-04  0.8959E-04  0.6744E-04  0.6734E-04  0.3488E-04  0.3486E-04
  4505.450  0.8977E-04  0.8959E-04  0.6744E-04  0.6734E-04  0.3488E-04  0.3486E-04
  4505.500  0.8977E-04  0.8959E-04  0.6744E-04  0.6734E-04  0.3488E-04  0.3486E-04
  4505.550  0.8977E-04  0.8959E-04  0.6744E-04  0.6734E-04  0.3488E-04  0.3486E-04
  4505.600  0.8977E-04  0.8959E-04  0.6744E-04  0.6734E-04  0.3488E-04  0.3487E-04
  4505.650  0.8977E-04  0.8958E-04  0.6744E-04  0.6734E-04  0.3488E-04  0.3486E-04
  4505.700  0.8977E-04  0.8955E-04  0.6744E-04  0.6731E-04  0.3488E-04  0.3484E-04
  4505.750  0.8976E-04  0.8957E-04  0.6744E-04  0.6733E-04  0.3488E-04  0.3486E-04
  4505.800  0.8976E-04  0.8957E-04  0.6744E-04  0.6733E-04  0.3488E-04  0.3486E-04
  4505.850  0.8976E-04  0.8952E-04  0.6744E-04  0.6728E-04  0.3488E-04  0.3483E-04
  4505.900  0.8976E-04  0.8895E-04  0.6744E-04  0.6669E-04  0.3488E-04  0.3440E-04
  4505.950  0.8976E-04  0.8876E-04  0.6744E-04  0.6649E-04  0.3488E-04  0.3425E-04
  4506.000  0.8976E-04  0.8945E-04  0.6744E-04  0.6722E-04  0.3488E-04  0.3479E-04
  4506.050  0.8976E-04  0.8953E-04  0.6744E-04  0.6729E-04  0.3488E-04  0.3483E-04
  4506.100  0.8976E-04  0.8955E-04  0.6744E-04  0.6731E-04  0.3488E-04  0.3484E-04
  4506.150  0.8976E-04  0.8957E-04  0.6744E-04  0.6733E-04  0.3488E-04  0.3486E-04
  4506.200  0.8976E-04  0.8957E-04  0.6744E-04  0.6733E-04  0.3488E-04  0.3486E-04
  4506.250  0.8976E-04  0.8955E-04  0.6744E-04  0.6731E-04  0.3488E-04  0.3485E-04
  4506.300  0.8976E-04  0.8952E-04  0.6744E-04  0.6727E-04  0.3488E-04  0.3482E-04
  4506.350  0.8975E-04  0.8957E-04  0.6744E-04  0.6733E-04  0.3488E-04  0.3486E-04
  4506.400  0.8975E-04  0.8958E-04  0.6744E-04  0.6734E-04  0.3488E-04  0.3487E-04
  4506.450  0.8975E-04  0.8957E-04  0.6744E-04  0.6734E-04  0.3488E-04  0.3487E-04
  4506.500  0.8975E-04  0.8957E-04  0.6744E-04  0.6734E-04  0.3488E-04  0.3487E-04
  4506.550  0.8975E-04  0.8955E-04  0.6744E-04  0.6731E-04  0.3488E-04  0.3484E-04
  4506.600  0.8975E-04  0.8953E-04  0.6744E-04  0.6729E-04  0.3488E-04  0.3482E-04
  4506.650  0.8975E-04  0.8956E-04  0.6744E-04  0.6733E-04  0.3488E-04  0.3486E-04
  4506.700  0.8975E-04  0.8904E-04  0.6743E-04  0.6675E-04  0.3488E-04  0.3431E-04
  4506.750  0.8975E-04  0.8790E-04  0.6743E-04  0.6549E-04  0.3488E-04  0.3316E-04
  4506.800  0.8975E-04  0.8916E-04  0.6743E-04  0.6689E-04  0.3488E-04  0.3451E-04
  4506.850  0.8975E-04  0.8931E-04  0.6743E-04  0.6707E-04  0.3488E-04  0.3468E-04
  4506.900  0.8975E-04  0.8955E-04  0.6743E-04  0.6732E-04  0.3488E-04  0.3486E-04
  4506.950  0.8974E-04  0.8957E-04  0.6743E-04  0.6733E-04  0.3488E-04  0.3487E-04
  4507.000  0.8974E-04  0.8956E-04  0.6743E-04  0.6733E-04  0.3488E-04  0.3487E-04
  4507.050  0.8974E-04  0.8936E-04  0.6743E-04  0.6717E-04  0.3488E-04  0.3479E-04
  4507.100  0.8974E-04  0.8843E-04  0.6743E-04  0.6637E-04  0.3488E-04  0.3438E-04
  4507.150  0.8974E-04  0.8926E-04  0.6743E-04  0.6707E-04  0.3488E-04  0.3473E-04
  4507.200  0.8974E-04  0.8917E-04  0.6743E-04  0.6691E-04  0.3488E-04  0.3450E-04
  4507.250  0.8974E-04  0.8947E-04  0.6743E-04  0.6724E-04  0.3488E-04  0.3479E-04
  4507.300  0.8974E-04  0.8956E-04  0.6743E-04  0.6733E-04  0.3488E-04  0.3487E-04
  4507.350  0.8974E-04  0.8956E-04  0.6743E-04  0.6733E-04  0.3488E-04  0.3487E-04
  4507.400  0.8974E-04  0.8953E-04  0.6743E-04  0.6730E-04  0.3488E-04  0.3485E-04
  4507.450  0.8974E-04  0.8955E-04  0.6743E-04  0.6732E-04  0.3488E-04  0.3487E-04
  4507.500  0.8974E-04  0.8956E-04  0.6743E-04  0.6733E-04  0.3488E-04  0.3487E-04
  4507.550  0.8973E-04  0.8955E-04  0.6743E-04  0.6732E-04  0.3488E-04  0.3487E-04
  4507.600  0.8973E-04  0.8955E-04  0.6743E-04  0.6732E-04  0.3488E-04  0.3487E-04
  4507.650  0.8973E-04  0.8955E-04  0.6743E-04  0.6732E-04  0.3489E-04  0.3487E-04
  4507.700  0.8973E-04  0.8955E-04  0.6743E-04  0.6732E-04  0.3489E-04  0.3487E-04
  4507.750  0.8973E-04  0.8955E-04  0.6743E-04  0.6732E-04  0.3489E-04  0.3487E-04
  4507.800  0.8973E-04  0.8954E-04  0.6743E-04  0.6731E-04  0.3489E-04  0.3487E-04
  4507.850  0.8973E-04  0.8953E-04  0.6743E-04  0.6730E-04  0.3489E-04  0.3486E-04
  4507.900  0.8973E-04  0.8949E-04  0.6743E-04  0.6726E-04  0.3489E-04  0.3481E-04
  4507.950  0.8973E-04  0.8948E-04  0.6742E-04  0.6725E-04  0.3489E-04  0.3481E-04
  4508.000  0.8973E-04  0.8951E-04  0.6742E-04  0.6729E-04  0.3489E-04  0.3485E-04
  4508.050  0.8973E-04  0.8949E-04  0.6742E-04  0.6727E-04  0.3489E-04  0.3483E-04
  4508.100  0.8973E-04  0.8945E-04  0.6742E-04  0.6723E-04  0.3489E-04  0.3480E-04
  4508.150  0.8972E-04  0.8940E-04  0.6742E-04  0.6719E-04  0.3489E-04  0.3479E-04
  4508.200  0.8972E-04  0.8557E-04  0.6742E-04  0.6343E-04  0.3489E-04  0.3219E-04
  4508.250  0.8972E-04  0.2383E-04  0.6742E-04  0.2029E-04  0.3489E-04  0.1589E-04
  4508.300  0.8972E-04  0.1901E-04  0.6742E-04  0.1729E-04  0.3489E-04  0.1385E-04
  4508.350  0.8972E-04  0.5665E-04  0.6742E-04  0.3851E-04  0.3489E-04  0.2136E-04
  4508.400  0.8972E-04  0.8924E-04  0.6742E-04  0.6703E-04  0.3489E-04  0.3468E-04
  4508.450  0.8972E-04  0.8942E-04  0.6742E-04  0.6721E-04  0.3489E-04  0.3481E-04
  4508.500  0.8972E-04  0.8949E-04  0.6742E-04  0.6727E-04  0.3489E-04  0.3484E-04
  4508.550  0.8972E-04  0.8951E-04  0.6742E-04  0.6729E-04  0.3489E-04  0.3486E-04
  4508.600  0.8972E-04  0.8952E-04  0.6742E-04  0.6730E-04  0.3489E-04  0.3487E-04
  4508.650  0.8972E-04  0.8953E-04  0.6742E-04  0.6731E-04  0.3489E-04  0.3487E-04
  4508.700  0.8972E-04  0.8953E-04  0.6742E-04  0.6731E-04  0.3489E-04  0.3487E-04
  4508.750  0.8971E-04  0.8953E-04  0.6742E-04  0.6731E-04  0.3489E-04  0.3487E-04
  4508.800  0.8971E-04  0.8953E-04  0.6742E-04  0.6731E-04  0.3489E-04  0.3487E-04
  4508.850  0.8971E-04  0.8953E-04  0.6742E-04  0.6732E-04  0.3489E-04  0.3488E-04
  4508.900  0.8971E-04  0.8953E-04  0.6742E-04  0.6732E-04  0.3489E-04  0.3488E-04
  4508.950  0.8971E-04  0.8953E-04  0.6742E-04  0.6732E-04  0.3489E-04  0.3488E-04
  4509.000  0.8971E-04  0.8953E-04  0.6742E-04  0.6732E-04  0.3489E-04  0.3488E-04
  4509.050  0.8971E-04  0.8953E-04  0.6742E-04  0.6731E-04  0.3489E-04  0.3487E-04
  4509.100  0.8971E-04  0.8951E-04  0.6742E-04  0.6730E-04  0.3489E-04  0.3486E-04
  4509.150  0.8971E-04  0.8951E-04  0.6742E-04  0.6729E-04  0.3489E-04  0.3485E-04
  4509.200  0.8971E-04  0.8949E-04  0.6742E-04  0.6727E-04  0.3489E-04  0.3485E-04
  4509.250  0.8971E-04  0.8912E-04  0.6741E-04  0.6694E-04  0.3489E-04  0.3464E-04
  4509.300  0.8971E-04  0.8911E-04  0.6741E-04  0.6692E-04  0.3489E-04  0.3461E-04
  4509.350  0.8970E-04  0.8947E-04  0.6741E-04  0.6726E-04  0.3489E-04  0.3484E-04
  4509.400  0.8970E-04  0.8952E-04  0.6741E-04  0.6731E-04  0.3489E-04  0.3487E-04
  4509.450  0.8970E-04  0.8953E-04  0.6741E-04  0.6732E-04  0.3489E-04  0.3488E-04
  4509.500  0.8970E-04  0.8953E-04  0.6741E-04  0.6732E-04  0.3489E-04  0.3488E-04
  4509.550  0.8970E-04  0.8953E-04  0.6741E-04  0.6732E-04  0.3489E-04  0.3488E-04
  4509.600  0.8970E-04  0.8953E-04  0.6741E-04  0.6732E-04  0.3489E-04  0.3488E-04
  4509.650  0.8970E-04  0.8952E-04  0.6741E-04  0.6731E-04  0.3489E-04  0.3488E-04
  4509.700  0.8970E-04  0.8952E-04  0.6741E-04  0.6731E-04  0.3489E-04  0.3488E-04
  4509.750  0.8970E-04  0.8953E-04  0.6741E-04  0.6732E-04  0.3489E-04  0.3488E-04
  4509.800  0.8970E-04  0.8952E-04  0.6741E-04  0.6731E-04  0.3489E-04  0.3488E-04
  4509.850  0.8970E-04  0.8952E-04  0.6741E-04  0.6731E-04  0.3489E-04  0.3488E-04
  4509.900  0.8970E-04  0.8952E-04  0.6741E-04  0.6731E-04  0.3489E-04  0.3488E-04
  4509.950  0.8969E-04  0.8952E-04  0.6741E-04  0.6731E-04  0.3489E-04  0.3488E-04
  4510.000  0.8969E-04  0.8952E-04  0.6741E-04  0.6731E-04  0.3490E-04  0.3488E-04
  4510.050  0.8969E-04  0.8952E-04  0.6741E-04  0.6731E-04  0.3490E-04  0.3488E-04
  4510.100  0.8969E-04  0.8951E-04  0.6741E-04  0.6731E-04  0.3490E-04  0.3488E-04
  4510.150  0.8969E-04  0.8940E-04  0.6741E-04  0.6718E-04  0.3490E-04  0.3475E-04
  4510.200  0.8969E-04  0.8948E-04  0.6741E-04  0.6727E-04  0.3490E-04  0.3485E-04
  4510.250  0.8969E-04  0.8951E-04  0.6741E-04  0.6731E-04  0.3490E-04  0.3488E-04
  4510.300  0.8969E-04  0.8952E-04  0.6741E-04  0.6731E-04  0.3490E-04  0.3489E-04
  4510.350  0.8969E-04  0.8952E-04  0.6741E-04  0.6731E-04  0.3490E-04  0.3489E-04
  4510.400  0.8969E-04  0.8951E-04  0.6741E-04  0.6731E-04  0.3490E-04  0.3488E-04
  4510.450  0.8969E-04  0.8944E-04  0.6741E-04  0.6725E-04  0.3490E-04  0.3485E-04
  4510.500  0.8969E-04  0.8866E-04  0.6740E-04  0.6651E-04  0.3490E-04  0.3439E-04
  4510.550  0.8968E-04  0.8914E-04  0.6740E-04  0.6697E-04  0.3490E-04  0.3468E-04
  4510.600  0.8968E-04  0.8951E-04  0.6740E-04  0.6730E-04  0.3490E-04  0.3488E-04
  4510.650  0.8968E-04  0.8951E-04  0.6740E-04  0.6731E-04  0.3490E-04  0.3489E-04
  4510.700  0.8968E-04  0.8951E-04  0.6740E-04  0.6731E-04  0.3490E-04  0.3489E-04
  4510.750  0.8968E-04  0.8951E-04  0.6740E-04  0.6730E-04  0.3490E-04  0.3488E-04
  4510.800  0.8968E-04  0.8939E-04  0.6740E-04  0.6719E-04  0.3490E-04  0.3480E-04
  4510.850  0.8968E-04  0.8936E-04  0.6740E-04  0.6716E-04  0.3490E-04  0.3479E-04
  4510.900  0.8968E-04  0.8948E-04  0.6740E-04  0.6727E-04  0.3490E-04  0.3486E-04
  4510.950  0.8968E-04  0.8946E-04  0.6740E-04  0.6727E-04  0.3490E-04  0.3486E-04
  4511.000  0.8968E-04  0.8937E-04  0.6740E-04  0.6717E-04  0.3490E-04  0.3479E-04
  4511.050  0.8968E-04  0.8915E-04  0.6740E-04  0.6693E-04  0.3490E-04  0.3460E-04
  4511.100  0.8968E-04  0.8947E-04  0.6740E-04  0.6726E-04  0.3490E-04  0.3486E-04
  4511.150  0.8967E-04  0.8950E-04  0.6740E-04  0.6730E-04  0.3490E-04  0.3488E-04
  4511.200  0.8967E-04  0.8950E-04  0.6740E-04  0.6731E-04  0.3490E-04  0.3489E-04
  4511.250  0.8967E-04  0.8950E-04  0.6740E-04  0.6730E-04  0.3490E-04  0.3489E-04
  4511.300  0.8967E-04  0.8947E-04  0.6740E-04  0.6727E-04  0.3490E-04  0.3486E-04
  4511.350  0.8967E-04  0.8950E-04  0.6740E-04  0.6730E-04  0.3490E-04  0.3489E-04
  4511.400  0.8967E-04  0.8949E-04  0.6740E-04  0.6730E-04  0.3490E-04  0.3489E-04
  4511.450  0.8967E-04  0.8950E-04  0.6740E-04  0.6730E-04  0.3490E-04  0.3489E-04
  4511.500  0.8967E-04  0.8950E-04  0.6740E-04  0.6730E-04  0.3490E-04  0.3489E-04
  4511.550  0.8967E-04  0.8950E-04  0.6740E-04  0.6730E-04  0.3490E-04  0.3489E-04
  4511.600  0.8967E-04  0.8949E-04  0.6740E-04  0.6729E-04  0.3490E-04  0.3488E-04
  4511.650  0.8967E-04  0.8945E-04  0.6740E-04  0.6725E-04  0.3490E-04  0.3484E-04
  4511.700  0.8966E-04  0.8946E-04  0.6740E-04  0.6727E-04  0.3490E-04  0.3487E-04
  4511.750  0.8966E-04  0.8863E-04  0.6740E-04  0.6647E-04  0.3490E-04  0.3436E-04
  4511.800  0.8966E-04  0.8864E-04  0.6739E-04  0.6648E-04  0.3490E-04  0.3437E-04
  4511.850  0.8966E-04  0.8927E-04  0.6739E-04  0.6706E-04  0.3490E-04  0.3471E-04
  4511.900  0.8966E-04  0.8867E-04  0.6739E-04  0.6642E-04  0.3490E-04  0.3421E-04
  4511.950  0.8966E-04  0.8925E-04  0.6739E-04  0.6704E-04  0.3490E-04  0.3470E-04
  4512.000  0.8966E-04  0.8939E-04  0.6739E-04  0.6722E-04  0.3490E-04  0.3486E-04
  4512.050  0.8966E-04  0.8881E-04  0.6739E-04  0.6672E-04  0.3490E-04  0.3459E-04
  4512.100  0.8966E-04  0.8930E-04  0.6739E-04  0.6714E-04  0.3490E-04  0.3482E-04
  4512.150  0.8966E-04  0.8948E-04  0.6739E-04  0.6729E-04  0.3490E-04  0.3488E-04
  4512.200  0.8966E-04  0.8948E-04  0.6739E-04  0.6728E-04  0.3490E-04  0.3488E-04
  4512.250  0.8966E-04  0.8948E-04  0.6739E-04  0.6729E-04  0.3490E-04  0.3489E-04
  4512.300  0.8965E-04  0.8934E-04  0.6739E-04  0.6717E-04  0.3490E-04  0.3483E-04
  4512.350  0.8965E-04  0.8925E-04  0.6739E-04  0.6710E-04  0.3491E-04  0.3480E-04
  4512.400  0.8965E-04  0.8925E-04  0.6739E-04  0.6710E-04  0.3491E-04  0.3479E-04
  4512.450  0.8965E-04  0.8944E-04  0.6739E-04  0.6726E-04  0.3491E-04  0.3488E-04
  4512.500  0.8965E-04  0.8948E-04  0.6739E-04  0.6730E-04  0.3491E-04  0.3490E-04
  4512.550  0.8965E-04  0.8948E-04  0.6739E-04  0.6730E-04  0.3491E-04  0.3490E-04
  4512.600  0.8965E-04  0.8948E-04  0.6739E-04  0.6730E-04  0.3491E-04  0.3490E-04
  4512.650  0.8965E-04  0.8943E-04  0.6739E-04  0.6724E-04  0.3491E-04  0.3485E-04
  4512.700  0.8965E-04  0.8819E-04  0.6739E-04  0.6592E-04  0.3491E-04  0.3378E-04
  4512.750  0.8965E-04  0.8815E-04  0.6739E-04  0.6586E-04  0.3491E-04  0.3371E-04
  4512.800  0.8965E-04  0.8942E-04  0.6739E-04  0.6723E-04  0.3491E-04  0.3484E-04
  4512.850  0.8965E-04  0.8946E-04  0.6739E-04  0.6728E-04  0.3491E-04  0.3488E-04
  4512.900  0.8964E-04  0.8947E-04  0.6739E-04  0.6729E-04  0.3491E-04  0.3489E-04
  4512.950  0.8964E-04  0.8934E-04  0.6739E-04  0.6715E-04  0.3491E-04  0.3479E-04
  4513.000  0.8964E-04  0.8918E-04  0.6739E-04  0.6698E-04  0.3491E-04  0.3465E-04
  4513.050  0.8964E-04  0.8941E-04  0.6738E-04  0.6722E-04  0.3491E-04  0.3485E-04
  4513.100  0.8964E-04  0.8943E-04  0.6738E-04  0.6725E-04  0.3491E-04  0.3487E-04
  4513.150  0.8964E-04  0.8947E-04  0.6738E-04  0.6729E-04  0.3491E-04  0.3489E-04
  4513.200  0.8964E-04  0.8947E-04  0.6738E-04  0.6728E-04  0.3491E-04  0.3489E-04
  4513.250  0.8964E-04  0.8946E-04  0.6738E-04  0.6728E-04  0.3491E-04  0.3489E-04
  4513.300  0.8964E-04  0.8942E-04  0.6738E-04  0.6723E-04  0.3491E-04  0.3484E-04
  4513.350  0.8964E-04  0.8943E-04  0.6738E-04  0.6724E-04  0.3491E-04  0.3485E-04
  4513.400  0.8964E-04  0.8947E-04  0.6738E-04  0.6729E-04  0.3491E-04  0.3490E-04
  4513.450  0.8964E-04  0.8947E-04  0.6738E-04  0.6729E-04  0.3491E-04  0.3490E-04
  4513.500  0.8963E-04  0.8947E-04  0.6738E-04  0.6729E-04  0.3491E-04  0.3490E-04
  4513.550  0.8963E-04  0.8947E-04  0.6738E-04  0.6729E-04  0.3491E-04  0.3490E-04
  4513.600  0.8963E-04  0.8946E-04  0.6738E-04  0.6728E-04  0.3491E-04  0.3490E-04
  4513.650  0.8963E-04  0.8944E-04  0.6738E-04  0.6726E-04  0.3491E-04  0.3488E-04
  4513.700  0.8963E-04  0.8935E-04  0.6738E-04  0.6717E-04  0.3491E-04  0.3480E-04
  4513.750  0.8963E-04  0.8936E-04  0.6738E-04  0.6717E-04  0.3491E-04  0.3480E-04
  4513.800  0.8963E-04  0.8946E-04  0.6738E-04  0.6728E-04  0.3491E-04  0.3489E-04
  4513.850  0.8963E-04  0.8946E-04  0.6738E-04  0.6728E-04  0.3491E-04  0.3490E-04
  4513.900  0.8963E-04  0.8946E-04  0.6738E-04  0.6728E-04  0.3491E-04  0.3490E-04
  4513.950  0.8963E-04  0.8946E-04  0.6738E-04  0.6729E-04  0.3491E-04  0.3490E-04
  4514.000  0.8963E-04  0.8946E-04  0.6738E-04  0.6728E-04  0.3491E-04  0.3490E-04
  4514.050  0.8963E-04  0.8945E-04  0.6738E-04  0.6727E-04  0.3491E-04  0.3489E-04
  4514.100  0.8962E-04  0.8939E-04  0.6738E-04  0.6722E-04  0.3491E-04  0.3485E-04
  4514.150  0.8962E-04  0.8819E-04  0.6738E-04  0.6593E-04  0.3491E-04  0.3384E-04
  4514.200  0.8962E-04  0.8724E-04  0.6738E-04  0.6492E-04  0.3491E-04  0.3307E-04
  4514.250  0.8962E-04  0.8933E-04  0.6738E-04  0.6715E-04  0.3491E-04  0.3479E-04
  4514.300  0.8962E-04  0.8942E-04  0.6738E-04  0.6724E-04  0.3491E-04  0.3487E-04
  4514.350  0.8962E-04  0.8928E-04  0.6737E-04  0.6709E-04  0.3491E-04  0.3476E-04
  4514.400  0.8962E-04  0.8941E-04  0.6737E-04  0.6724E-04  0.3491E-04  0.3487E-04
  4514.450  0.8962E-04  0.8929E-04  0.6737E-04  0.6712E-04  0.3491E-04  0.3479E-04
  4514.500  0.8962E-04  0.8922E-04  0.6737E-04  0.6704E-04  0.3491E-04  0.3472E-04
  4514.550  0.8962E-04  0.8937E-04  0.6737E-04  0.6720E-04  0.3491E-04  0.3484E-04
  4514.600  0.8962E-04  0.8945E-04  0.6737E-04  0.6728E-04  0.3491E-04  0.3490E-04
  4514.650  0.8962E-04  0.8945E-04  0.6737E-04  0.6728E-04  0.3491E-04  0.3490E-04
  4514.700  0.8961E-04  0.8943E-04  0.6737E-04  0.6726E-04  0.3491E-04  0.3489E-04
  4514.750  0.8961E-04  0.8945E-04  0.6737E-04  0.6728E-04  0.3492E-04  0.3490E-04
  4514.800  0.8961E-04  0.8945E-04  0.6737E-04  0.6728E-04  0.3492E-04  0.3490E-04
  4514.850  0.8961E-04  0.8945E-04  0.6737E-04  0.6728E-04  0.3492E-04  0.3490E-04
  4514.900  0.8961E-04  0.8944E-04  0.6737E-04  0.6728E-04  0.3492E-04  0.3490E-04
  4514.950  0.8961E-04  0.8944E-04  0.6737E-04  0.6727E-04  0.3492E-04  0.3490E-04
  4515.000  0.8961E-04  0.8944E-04  0.6737E-04  0.6727E-04  0.3492E-04  0.3490E-04
  4515.050  0.8961E-04  0.8943E-04  0.6737E-04  0.6727E-04  0.3492E-04  0.3490E-04
  4515.100  0.8961E-04  0.8941E-04  0.6737E-04  0.6725E-04  0.3492E-04  0.3488E-04
  4515.150  0.8961E-04  0.8917E-04  0.6737E-04  0.6698E-04  0.3492E-04  0.3467E-04
  4515.200  0.8961E-04  0.8911E-04  0.6737E-04  0.6693E-04  0.3492E-04  0.3462E-04
  4515.250  0.8961E-04  0.8754E-04  0.6737E-04  0.6537E-04  0.3492E-04  0.3351E-04
  4515.300  0.8960E-04  0.3211E-04  0.6737E-04  0.2409E-04  0.3492E-04  0.1751E-04
  4515.350  0.8960E-04  0.2164E-04  0.6737E-04  0.1909E-04  0.3492E-04  0.1514E-04
  4515.400  0.8960E-04  0.6711E-04  0.6737E-04  0.4649E-04  0.3492E-04  0.2374E-04
  4515.450  0.8960E-04  0.8918E-04  0.6737E-04  0.6702E-04  0.3492E-04  0.3473E-04
  4515.500  0.8960E-04  0.8937E-04  0.6737E-04  0.6721E-04  0.3492E-04  0.3487E-04
  4515.550  0.8960E-04  0.8912E-04  0.6737E-04  0.6699E-04  0.3492E-04  0.3475E-04
  4515.600  0.8960E-04  0.8796E-04  0.6736E-04  0.6590E-04  0.3492E-04  0.3408E-04
  4515.650  0.8960E-04  0.8894E-04  0.6736E-04  0.6682E-04  0.3492E-04  0.3464E-04
  4515.700  0.8960E-04  0.8937E-04  0.6736E-04  0.6721E-04  0.3492E-04  0.3487E-04
  4515.750  0.8960E-04  0.8903E-04  0.6736E-04  0.6689E-04  0.3492E-04  0.3467E-04
  4515.800  0.8960E-04  0.8875E-04  0.6736E-04  0.6661E-04  0.3492E-04  0.3448E-04
  4515.850  0.8960E-04  0.8932E-04  0.6736E-04  0.6716E-04  0.3492E-04  0.3481E-04
  4515.900  0.8959E-04  0.8942E-04  0.6736E-04  0.6726E-04  0.3492E-04  0.3490E-04
  4515.950  0.8959E-04  0.8942E-04  0.6736E-04  0.6726E-04  0.3492E-04  0.3490E-04
  4516.000  0.8959E-04  0.8935E-04  0.6736E-04  0.6719E-04  0.3492E-04  0.3486E-04
  4516.050  0.8959E-04  0.8931E-04  0.6736E-04  0.6716E-04  0.3492E-04  0.3484E-04
  4516.100  0.8959E-04  0.8942E-04  0.6736E-04  0.6726E-04  0.3492E-04  0.3490E-04
  4516.150  0.8959E-04  0.8943E-04  0.6736E-04  0.6727E-04  0.3492E-04  0.3491E-04
  4516.200  0.8959E-04  0.8942E-04  0.6736E-04  0.6727E-04  0.3492E-04  0.3491E-04
  4516.250  0.8959E-04  0.8934E-04  0.6736E-04  0.6717E-04  0.3492E-04  0.3483E-04
  4516.300  0.8959E-04  0.8934E-04  0.6736E-04  0.6718E-04  0.3492E-04  0.3484E-04
  4516.350  0.8959E-04  0.8934E-04  0.6736E-04  0.6718E-04  0.3492E-04  0.3481E-04
  4516.400  0.8959E-04  0.8939E-04  0.6736E-04  0.6723E-04  0.3492E-04  0.3488E-04
  4516.450  0.8959E-04  0.8927E-04  0.6736E-04  0.6711E-04  0.3492E-04  0.3479E-04
  4516.500  0.8958E-04  0.8936E-04  0.6736E-04  0.6721E-04  0.3492E-04  0.3487E-04
  4516.550  0.8958E-04  0.8941E-04  0.6736E-04  0.6726E-04  0.3492E-04  0.3490E-04
  4516.600  0.8958E-04  0.8921E-04  0.6736E-04  0.6705E-04  0.3492E-04  0.3474E-04
  4516.650  0.8958E-04  0.8907E-04  0.6736E-04  0.6691E-04  0.3492E-04  0.3462E-04
  4516.700  0.8958E-04  0.8940E-04  0.6736E-04  0.6725E-04  0.3492E-04  0.3490E-04
  4516.750  0.8958E-04  0.8942E-04  0.6736E-04  0.6727E-04  0.3492E-04  0.3491E-04
  4516.800  0.8958E-04  0.8942E-04  0.6736E-04  0.6727E-04  0.3492E-04  0.3491E-04
  4516.850  0.8958E-04  0.8942E-04  0.6736E-04  0.6727E-04  0.3492E-04  0.3491E-04
  4516.900  0.8958E-04  0.8942E-04  0.6735E-04  0.6727E-04  0.3492E-04  0.3491E-04
  4516.950  0.8958E-04  0.8942E-04  0.6735E-04  0.6727E-04  0.3492E-04  0.3491E-04
  4517.000  0.8958E-04  0.8942E-04  0.6735E-04  0.6727E-04  0.3492E-04  0.3491E-04
  4517.050  0.8958E-04  0.8938E-04  0.6735E-04  0.6723E-04  0.3492E-04  0.3489E-04
  4517.100  0.8957E-04  0.8932E-04  0.6735E-04  0.6717E-04  0.3493E-04  0.3483E-04
  4517.150  0.8957E-04  0.8941E-04  0.6735E-04  0.6726E-04  0.3493E-04  0.3491E-04
  4517.200  0.8957E-04  0.8941E-04  0.6735E-04  0.6726E-04  0.3493E-04  0.3492E-04
  4517.250  0.8957E-04  0.8941E-04  0.6735E-04  0.6726E-04  0.3493E-04  0.3492E-04
  4517.300  0.8957E-04  0.8940E-04  0.6735E-04  0.6725E-04  0.3493E-04  0.3490E-04
  4517.350  0.8957E-04  0.8934E-04  0.6735E-04  0.6719E-04  0.3493E-04  0.3486E-04
  4517.400  0.8957E-04  0.8938E-04  0.6735E-04  0.6724E-04  0.3493E-04  0.3490E-04
  4517.450  0.8957E-04  0.8930E-04  0.6735E-04  0.6715E-04  0.3493E-04  0.3484E-04
  4517.500  0.8957E-04  0.8679E-04  0.6735E-04  0.6449E-04  0.3493E-04  0.3281E-04
  4517.550  0.8957E-04  0.8670E-04  0.6735E-04  0.6439E-04  0.3493E-04  0.3274E-04
  4517.600  0.8957E-04  0.8887E-04  0.6735E-04  0.6669E-04  0.3493E-04  0.3448E-04
  4517.650  0.8957E-04  0.8933E-04  0.6735E-04  0.6718E-04  0.3493E-04  0.3486E-04
  4517.700  0.8956E-04  0.8940E-04  0.6735E-04  0.6725E-04  0.3493E-04  0.3491E-04
  4517.750  0.8956E-04  0.8940E-04  0.6735E-04  0.6726E-04  0.3493E-04  0.3492E-04
  4517.800  0.8956E-04  0.8940E-04  0.6735E-04  0.6725E-04  0.3493E-04  0.3491E-04
  4517.850  0.8956E-04  0.8939E-04  0.6735E-04  0.6725E-04  0.3493E-04  0.3491E-04
  4517.900  0.8956E-04  0.8940E-04  0.6735E-04  0.6726E-04  0.3493E-04  0.3492E-04
  4517.950  0.8956E-04  0.8936E-04  0.6735E-04  0.6721E-04  0.3493E-04  0.3488E-04
  4518.000  0.8956E-04  0.8836E-04  0.6735E-04  0.6612E-04  0.3493E-04  0.3394E-04
  4518.050  0.8956E-04  0.8853E-04  0.6735E-04  0.6630E-04  0.3493E-04  0.3410E-04
  4518.100  0.8956E-04  0.8937E-04  0.6735E-04  0.6723E-04  0.3493E-04  0.3489E-04
  4518.150  0.8956E-04  0.8940E-04  0.6734E-04  0.6725E-04  0.3493E-04  0.3492E-04
  4518.200  0.8956E-04  0.8940E-04  0.6734E-04  0.6725E-04  0.3493E-04  0.3492E-04
  4518.250  0.8956E-04  0.8917E-04  0.6734E-04  0.6701E-04  0.3493E-04  0.3470E-04
  4518.300  0.8955E-04  0.8284E-04  0.6734E-04  0.6022E-04  0.3493E-04  0.2916E-04
  4518.350  0.8955E-04  0.8217E-04  0.6734E-04  0.5952E-04  0.3493E-04  0.2869E-04
  4518.400  0.8955E-04  0.8901E-04  0.6734E-04  0.6684E-04  0.3493E-04  0.3455E-04
  4518.450  0.8955E-04  0.8930E-04  0.6734E-04  0.6715E-04  0.3493E-04  0.3484E-04
  4518.500  0.8955E-04  0.8939E-04  0.6734E-04  0.6725E-04  0.3493E-04  0.3492E-04
  4518.550  0.8955E-04  0.8933E-04  0.6734E-04  0.6718E-04  0.3493E-04  0.3486E-04
  4518.600  0.8955E-04  0.8932E-04  0.6734E-04  0.6717E-04  0.3493E-04  0.3485E-04
  4518.650  0.8955E-04  0.8935E-04  0.6734E-04  0.6721E-04  0.3493E-04  0.3488E-04
  4518.700  0.8955E-04  0.8929E-04  0.6734E-04  0.6714E-04  0.3493E-04  0.3482E-04
  4518.750  0.8955E-04  0.8937E-04  0.6734E-04  0.6723E-04  0.3493E-04  0.3490E-04
  4518.800  0.8955E-04  0.8926E-04  0.6734E-04  0.6712E-04  0.3493E-04  0.3483E-04
  4518.850  0.8955E-04  0.8934E-04  0.6734E-04  0.6720E-04  0.3493E-04  0.3489E-04
  4518.900  0.8954E-04  0.8929E-04  0.6734E-04  0.6716E-04  0.3493E-04  0.3487E-04
  4518.950  0.8954E-04  0.8869E-04  0.6734E-04  0.6659E-04  0.3493E-04  0.3452E-04
  4519.000  0.8954E-04  0.8920E-04  0.6734E-04  0.6708E-04  0.3493E-04  0.3482E-04
  4519.050  0.8954E-04  0.8938E-04  0.6734E-04  0.6725E-04  0.3493E-04  0.3492E-04
  4519.100  0.8954E-04  0.8938E-04  0.6734E-04  0.6725E-04  0.3493E-04  0.3492E-04
  4519.150  0.8954E-04  0.8938E-04  0.6734E-04  0.6725E-04  0.3493E-04  0.3492E-04
  4519.200  0.8954E-04  0.8930E-04  0.6734E-04  0.6716E-04  0.3493E-04  0.3486E-04
  4519.250  0.8954E-04  0.8913E-04  0.6734E-04  0.6699E-04  0.3493E-04  0.3474E-04
  4519.300  0.8954E-04  0.8934E-04  0.6734E-04  0.6721E-04  0.3493E-04  0.3489E-04
  4519.350  0.8954E-04  0.8938E-04  0.6734E-04  0.6725E-04  0.3493E-04  0.3492E-04
  4519.400  0.8954E-04  0.8938E-04  0.6734E-04  0.6725E-04  0.3493E-04  0.3492E-04
  4519.450  0.8954E-04  0.8938E-04  0.6733E-04  0.6725E-04  0.3493E-04  0.3492E-04
  4519.500  0.8953E-04  0.8938E-04  0.6733E-04  0.6725E-04  0.3494E-04  0.3492E-04
  4519.550  0.8953E-04  0.8936E-04  0.6733E-04  0.6723E-04  0.3494E-04  0.3491E-04
  4519.600  0.8953E-04  0.8931E-04  0.6733E-04  0.6717E-04  0.3494E-04  0.3485E-04
  4519.650  0.8953E-04  0.8937E-04  0.6733E-04  0.6724E-04  0.3494E-04  0.3492E-04
  4519.700  0.8953E-04  0.8937E-04  0.6733E-04  0.6724E-04  0.3494E-04  0.3492E-04
  4519.750  0.8953E-04  0.8937E-04  0.6733E-04  0.6724E-04  0.3494E-04  0.3492E-04
  4519.800  0.8953E-04  0.8935E-04  0.6733E-04  0.6722E-04  0.3494E-04  0.3491E-04
  4519.850  0.8953E-04  0.8934E-04  0.6733E-04  0.6721E-04  0.3494E-04  0.3490E-04
  4519.900  0.8953E-04  0.8936E-04  0.6733E-04  0.6723E-04  0.3494E-04  0.3492E-04
  4519.950  0.8953E-04  0.8919E-04  0.6733E-04  0.6705E-04  0.3494E-04  0.3476E-04
  4520.000  0.8953E-04  0.8914E-04  0.6733E-04  0.6699E-04  0.3494E-04  0.3471E-04
  4520.050  0.8953E-04  0.8933E-04  0.6733E-04  0.6721E-04  0.3494E-04  0.3490E-04
  4520.100  0.8952E-04  0.8929E-04  0.6733E-04  0.6717E-04  0.3494E-04  0.3488E-04
  4520.150  0.8952E-04  0.8229E-04  0.6733E-04  0.6017E-04  0.3494E-04  0.3005E-04
  4520.200  0.8952E-04  0.2588E-04  0.6733E-04  0.2124E-04  0.3494E-04  0.1636E-04
  4520.250  0.8952E-04  0.2715E-04  0.6733E-04  0.2182E-04  0.3494E-04  0.1663E-04
  4520.300  0.8952E-04  0.8400E-04  0.6733E-04  0.6185E-04  0.3494E-04  0.3111E-04
  4520.350  0.8952E-04  0.8927E-04  0.6733E-04  0.6714E-04  0.3494E-04  0.3485E-04
  4520.400  0.8952E-04  0.8932E-04  0.6733E-04  0.6720E-04  0.3494E-04  0.3490E-04
  4520.450  0.8952E-04  0.8934E-04  0.6733E-04  0.6722E-04  0.3494E-04  0.3492E-04
  4520.500  0.8952E-04  0.8932E-04  0.6733E-04  0.6720E-04  0.3494E-04  0.3491E-04
  4520.550  0.8952E-04  0.8918E-04  0.6733E-04  0.6708E-04  0.3494E-04  0.3485E-04
  4520.600  0.8952E-04  0.8932E-04  0.6733E-04  0.6720E-04  0.3494E-04  0.3491E-04
  4520.650  0.8952E-04  0.8935E-04  0.6733E-04  0.6723E-04  0.3494E-04  0.3493E-04
  4520.700  0.8951E-04  0.8935E-04  0.6732E-04  0.6723E-04  0.3494E-04  0.3492E-04
  4520.750  0.8951E-04  0.8934E-04  0.6732E-04  0.6722E-04  0.3494E-04  0.3492E-04
  4520.800  0.8951E-04  0.8935E-04  0.6732E-04  0.6723E-04  0.3494E-04  0.3492E-04
  4520.850  0.8951E-04  0.8935E-04  0.6732E-04  0.6723E-04  0.3494E-04  0.3493E-04
  4520.900  0.8951E-04  0.8935E-04  0.6732E-04  0.6723E-04  0.3494E-04  0.3493E-04
  4520.950  0.8951E-04  0.8935E-04  0.6732E-04  0.6723E-04  0.3494E-04  0.3493E-04
  4521.000  0.8951E-04  0.8935E-04  0.6732E-04  0.6723E-04  0.3494E-04  0.3493E-04
  4521.050  0.8951E-04  0.8935E-04  0.6732E-04  0.6723E-04  0.3494E-04  0.3493E-04
  4521.100  0.8951E-04  0.8934E-04  0.6732E-04  0.6723E-04  0.3494E-04  0.3493E-04
  4521.150  0.8951E-04  0.8935E-04  0.6732E-04  0.6723E-04  0.3494E-04  0.3493E-04
  4521.200  0.8951E-04  0.8935E-04  0.6732E-04  0.6723E-04  0.3494E-04  0.3493E-04
  4521.250  0.8951E-04  0.8933E-04  0.6732E-04  0.6722E-04  0.3494E-04  0.3492E-04
  4521.300  0.8950E-04  0.8900E-04  0.6732E-04  0.6687E-04  0.3494E-04  0.3466E-04
  4521.350  0.8950E-04  0.8907E-04  0.6732E-04  0.6694E-04  0.3494E-04  0.3471E-04
  4521.400  0.8950E-04  0.8934E-04  0.6732E-04  0.6722E-04  0.3494E-04  0.3493E-04
  4521.450  0.8950E-04  0.8935E-04  0.6732E-04  0.6723E-04  0.3494E-04  0.3493E-04
  4521.500  0.8950E-04  0.8935E-04  0.6732E-04  0.6723E-04  0.3494E-04  0.3493E-04
  4521.550  0.8950E-04  0.8934E-04  0.6732E-04  0.6723E-04  0.3494E-04  0.3493E-04
  4521.600  0.8950E-04  0.8934E-04  0.6732E-04  0.6722E-04  0.3494E-04  0.3493E-04
  4521.650  0.8950E-04  0.8932E-04  0.6732E-04  0.6720E-04  0.3494E-04  0.3491E-04
  4521.700  0.8950E-04  0.8934E-04  0.6732E-04  0.6722E-04  0.3494E-04  0.3493E-04
  4521.750  0.8950E-04  0.8934E-04  0.6732E-04  0.6723E-04  0.3494E-04  0.3493E-04
  4521.800  0.8950E-04  0.8933E-04  0.6732E-04  0.6722E-04  0.3494E-04  0.3493E-04
  4521.850  0.8950E-04  0.8928E-04  0.6732E-04  0.6717E-04  0.3495E-04  0.3489E-04
  4521.900  0.8949E-04  0.8931E-04  0.6732E-04  0.6720E-04  0.3495E-04  0.3491E-04
  4521.950  0.8949E-04  0.8932E-04  0.6732E-04  0.6721E-04  0.3495E-04  0.3492E-04
  4522.000  0.8949E-04  0.8919E-04  0.6731E-04  0.6707E-04  0.3495E-04  0.3481E-04
  4522.050  0.8949E-04  0.8928E-04  0.6731E-04  0.6717E-04  0.3495E-04  0.3489E-04
  4522.100  0.8949E-04  0.8932E-04  0.6731E-04  0.6721E-04  0.3495E-04  0.3492E-04
  4522.150  0.8949E-04  0.8932E-04  0.6731E-04  0.6722E-04  0.3495E-04  0.3493E-04
  4522.200  0.8949E-04  0.8932E-04  0.6731E-04  0.6721E-04  0.3495E-04  0.3493E-04
  4522.250  0.8949E-04  0.8932E-04  0.6731E-04  0.6721E-04  0.3495E-04  0.3492E-04
  4522.300  0.8949E-04  0.8923E-04  0.6731E-04  0.6712E-04  0.3495E-04  0.3483E-04
  4522.350  0.8949E-04  0.8705E-04  0.6731E-04  0.6466E-04  0.3495E-04  0.3242E-04
  4522.400  0.8949E-04  0.8810E-04  0.6731E-04  0.6584E-04  0.3495E-04  0.3354E-04
  4522.450  0.8949E-04  0.8923E-04  0.6731E-04  0.6712E-04  0.3495E-04  0.3487E-04
  4522.500  0.8948E-04  0.8913E-04  0.6731E-04  0.6703E-04  0.3495E-04  0.3481E-04
  4522.550  0.8948E-04  0.8046E-04  0.6731E-04  0.5855E-04  0.3495E-04  0.2929E-04
  4522.600  0.8948E-04  0.2006E-04  0.6731E-04  0.1811E-04  0.3495E-04  0.1450E-04
  4522.650  0.8948E-04  0.1804E-04  0.6731E-04  0.1652E-04  0.3495E-04  0.1324E-04
  4522.700  0.8948E-04  0.5514E-04  0.6731E-04  0.3760E-04  0.3495E-04  0.2126E-04
  4522.750  0.8948E-04  0.8853E-04  0.6731E-04  0.6640E-04  0.3495E-04  0.3431E-04
  4522.800  0.8948E-04  0.8754E-04  0.6731E-04  0.6529E-04  0.3495E-04  0.3333E-04
  4522.850  0.8948E-04  0.8901E-04  0.6731E-04  0.6689E-04  0.3495E-04  0.3466E-04
  4522.900  0.8948E-04  0.8928E-04  0.6731E-04  0.6718E-04  0.3495E-04  0.3491E-04
  4522.950  0.8948E-04  0.8930E-04  0.6731E-04  0.6719E-04  0.3495E-04  0.3492E-04
  4523.000  0.8948E-04  0.8930E-04  0.6731E-04  0.6720E-04  0.3495E-04  0.3492E-04
  4523.050  0.8948E-04  0.8910E-04  0.6731E-04  0.6697E-04  0.3495E-04  0.3470E-04
  4523.100  0.8947E-04  0.8911E-04  0.6731E-04  0.6698E-04  0.3495E-04  0.3471E-04
  4523.150  0.8947E-04  0.8931E-04  0.6731E-04  0.6721E-04  0.3495E-04  0.3493E-04
  4523.200  0.8947E-04  0.8931E-04  0.6731E-04  0.6721E-04  0.3495E-04  0.3493E-04
  4523.250  0.8947E-04  0.8931E-04  0.6730E-04  0.6721E-04  0.3495E-04  0.3493E-04
  4523.300  0.8947E-04  0.8931E-04  0.6730E-04  0.6721E-04  0.3495E-04  0.3494E-04
  4523.350  0.8947E-04  0.8914E-04  0.6730E-04  0.6703E-04  0.3495E-04  0.3480E-04
  4523.400  0.8947E-04  0.8831E-04  0.6730E-04  0.6615E-04  0.3495E-04  0.3411E-04
  4523.450  0.8947E-04  0.8911E-04  0.6730E-04  0.6700E-04  0.3495E-04  0.3478E-04
  4523.500  0.8947E-04  0.8930E-04  0.6730E-04  0.6721E-04  0.3495E-04  0.3493E-04
  4523.550  0.8947E-04  0.8930E-04  0.6730E-04  0.6720E-04  0.3495E-04  0.3493E-04
  4523.600  0.8947E-04  0.8931E-04  0.6730E-04  0.6721E-04  0.3495E-04  0.3493E-04
  4523.650  0.8947E-04  0.8925E-04  0.6730E-04  0.6715E-04  0.3495E-04  0.3490E-04
  4523.700  0.8946E-04  0.8910E-04  0.6730E-04  0.6700E-04  0.3495E-04  0.3478E-04
  4523.750  0.8946E-04  0.8929E-04  0.6730E-04  0.6719E-04  0.3495E-04  0.3492E-04
  4523.800  0.8946E-04  0.8931E-04  0.6730E-04  0.6721E-04  0.3495E-04  0.3494E-04
  4523.850  0.8946E-04  0.8931E-04  0.6730E-04  0.6721E-04  0.3495E-04  0.3494E-04
  4523.900  0.8946E-04  0.8924E-04  0.6730E-04  0.6715E-04  0.3495E-04  0.3489E-04
  4523.950  0.8946E-04  0.8924E-04  0.6730E-04  0.6714E-04  0.3495E-04  0.3488E-04
  4524.000  0.8946E-04  0.8930E-04  0.6730E-04  0.6721E-04  0.3495E-04  0.3494E-04
  4524.050  0.8946E-04  0.8931E-04  0.6730E-04  0.6721E-04  0.3495E-04  0.3494E-04
  4524.100  0.8946E-04  0.8931E-04  0.6730E-04  0.6721E-04  0.3495E-04  0.3494E-04
  4524.150  0.8946E-04  0.8930E-04  0.6730E-04  0.6721E-04  0.3495E-04  0.3494E-04
  4524.200  0.8946E-04  0.8926E-04  0.6730E-04  0.6717E-04  0.3495E-04  0.3491E-04
  4524.250  0.8946E-04  0.8929E-04  0.6730E-04  0.6720E-04  0.3496E-04  0.3494E-04
  4524.300  0.8945E-04  0.8930E-04  0.6730E-04  0.6721E-04  0.3496E-04  0.3495E-04
  4524.350  0.8945E-04  0.8930E-04  0.6730E-04  0.6721E-04  0.3496E-04  0.3495E-04
  4524.400  0.8945E-04  0.8930E-04  0.6730E-04  0.6721E-04  0.3496E-04  0.3494E-04
  4524.450  0.8945E-04  0.8898E-04  0.6730E-04  0.6692E-04  0.3496E-04  0.3477E-04
  4524.500  0.8945E-04  0.8827E-04  0.6730E-04  0.6625E-04  0.3496E-04  0.3436E-04
  4524.550  0.8945E-04  0.8918E-04  0.6729E-04  0.6710E-04  0.3496E-04  0.3488E-04
  4524.600  0.8945E-04  0.8918E-04  0.6729E-04  0.6709E-04  0.3496E-04  0.3485E-04
  4524.650  0.8945E-04  0.8362E-04  0.6729E-04  0.6116E-04  0.3496E-04  0.2997E-04
  4524.700  0.8945E-04  0.7784E-04  0.6729E-04  0.5529E-04  0.3496E-04  0.2629E-04
  4524.750  0.8945E-04  0.8832E-04  0.6729E-04  0.6616E-04  0.3496E-04  0.3400E-04
  4524.800  0.8945E-04  0.8918E-04  0.6729E-04  0.6708E-04  0.3496E-04  0.3486E-04
  4524.850  0.8945E-04  0.8920E-04  0.6729E-04  0.6712E-04  0.3496E-04  0.3488E-04
  4524.900  0.8944E-04  0.8866E-04  0.6729E-04  0.6655E-04  0.3496E-04  0.3437E-04
  4524.950  0.8944E-04  0.8864E-04  0.6729E-04  0.6657E-04  0.3496E-04  0.3440E-04
  4525.000  0.8944E-04  0.8890E-04  0.6729E-04  0.6686E-04  0.3496E-04  0.3474E-04
  4525.050  0.8944E-04  0.8851E-04  0.6729E-04  0.6647E-04  0.3496E-04  0.3448E-04
  4525.100  0.8944E-04  0.7726E-04  0.6729E-04  0.5524E-04  0.3496E-04  0.2786E-04
  4525.150  0.8944E-04  0.6039E-04  0.6729E-04  0.4111E-04  0.3496E-04  0.2311E-04
  4525.200  0.8944E-04  0.8543E-04  0.6729E-04  0.6321E-04  0.3496E-04  0.3212E-04
  4525.250  0.8944E-04  0.8813E-04  0.6729E-04  0.6593E-04  0.3496E-04  0.3377E-04
  4525.300  0.8944E-04  0.8883E-04  0.6729E-04  0.6674E-04  0.3496E-04  0.3458E-04
  4525.350  0.8944E-04  0.8906E-04  0.6729E-04  0.6698E-04  0.3496E-04  0.3480E-04
  4525.400  0.8944E-04  0.8927E-04  0.6729E-04  0.6719E-04  0.3496E-04  0.3494E-04
  4525.450  0.8944E-04  0.8928E-04  0.6729E-04  0.6720E-04  0.3496E-04  0.3495E-04
  4525.500  0.8943E-04  0.8928E-04  0.6729E-04  0.6720E-04  0.3496E-04  0.3495E-04
  4525.550  0.8943E-04  0.8928E-04  0.6729E-04  0.6720E-04  0.3496E-04  0.3495E-04
  4525.600  0.8943E-04  0.8928E-04  0.6729E-04  0.6720E-04  0.3496E-04  0.3495E-04
  4525.650  0.8943E-04  0.8928E-04  0.6729E-04  0.6720E-04  0.3496E-04  0.3495E-04
  4525.700  0.8943E-04  0.8928E-04  0.6729E-04  0.6720E-04  0.3496E-04  0.3495E-04
  4525.750  0.8943E-04  0.8928E-04  0.6729E-04  0.6720E-04  0.3496E-04  0.3495E-04
  4525.800  0.8943E-04  0.8927E-04  0.6729E-04  0.6719E-04  0.3496E-04  0.3494E-04
  4525.850  0.8943E-04  0.8910E-04  0.6728E-04  0.6700E-04  0.3496E-04  0.3479E-04
  4525.900  0.8943E-04  0.8920E-04  0.6728E-04  0.6712E-04  0.3496E-04  0.3488E-04
  4525.950  0.8943E-04  0.8927E-04  0.6728E-04  0.6720E-04  0.3496E-04  0.3495E-04
  4526.000  0.8943E-04  0.8923E-04  0.6728E-04  0.6716E-04  0.3496E-04  0.3493E-04
  4526.050  0.8943E-04  0.8921E-04  0.6728E-04  0.6714E-04  0.3496E-04  0.3491E-04
  4526.100  0.8942E-04  0.8895E-04  0.6728E-04  0.6685E-04  0.3496E-04  0.3463E-04
  4526.150  0.8942E-04  0.8911E-04  0.6728E-04  0.6703E-04  0.3496E-04  0.3482E-04
  4526.200  0.8942E-04  0.8923E-04  0.6728E-04  0.6715E-04  0.3496E-04  0.3493E-04
  4526.250  0.8942E-04  0.8925E-04  0.6728E-04  0.6717E-04  0.3496E-04  0.3494E-04
  4526.300  0.8942E-04  0.8925E-04  0.6728E-04  0.6718E-04  0.3496E-04  0.3494E-04
  4526.350  0.8942E-04  0.8916E-04  0.6728E-04  0.6709E-04  0.3496E-04  0.3489E-04
  4526.400  0.8942E-04  0.8765E-04  0.6728E-04  0.6556E-04  0.3496E-04  0.3378E-04
  4526.450  0.8942E-04  0.8539E-04  0.6728E-04  0.6312E-04  0.3496E-04  0.3195E-04
  4526.500  0.8942E-04  0.8871E-04  0.6728E-04  0.6662E-04  0.3496E-04  0.3452E-04
  4526.550  0.8942E-04  0.8817E-04  0.6728E-04  0.6606E-04  0.3496E-04  0.3409E-04
  4526.600  0.8942E-04  0.8811E-04  0.6728E-04  0.6605E-04  0.3496E-04  0.3416E-04
  4526.650  0.8942E-04  0.8916E-04  0.6728E-04  0.6710E-04  0.3497E-04  0.3489E-04
  4526.700  0.8941E-04  0.8926E-04  0.6728E-04  0.6719E-04  0.3497E-04  0.3495E-04
  4526.750  0.8941E-04  0.8924E-04  0.6728E-04  0.6717E-04  0.3497E-04  0.3494E-04
  4526.800  0.8941E-04  0.8918E-04  0.6728E-04  0.6710E-04  0.3497E-04  0.3489E-04
  4526.850  0.8941E-04  0.8891E-04  0.6728E-04  0.6683E-04  0.3497E-04  0.3470E-04
  4526.900  0.8941E-04  0.8309E-04  0.6728E-04  0.6075E-04  0.3497E-04  0.3056E-04
  4526.950  0.8941E-04  0.8211E-04  0.6728E-04  0.5977E-04  0.3497E-04  0.2999E-04
  4527.000  0.8941E-04  0.8872E-04  0.6728E-04  0.6662E-04  0.3497E-04  0.3455E-04
  4527.050  0.8941E-04  0.8923E-04  0.6728E-04  0.6716E-04  0.3497E-04  0.3494E-04
  4527.100  0.8941E-04  0.8925E-04  0.6727E-04  0.6718E-04  0.3497E-04  0.3495E-04
  4527.150  0.8941E-04  0.8925E-04  0.6727E-04  0.6719E-04  0.3497E-04  0.3495E-04
  4527.200  0.8941E-04  0.8925E-04  0.6727E-04  0.6718E-04  0.3497E-04  0.3495E-04
  4527.250  0.8941E-04  0.8910E-04  0.6727E-04  0.6702E-04  0.3497E-04  0.3481E-04
  4527.300  0.8940E-04  0.8800E-04  0.6727E-04  0.6582E-04  0.3497E-04  0.3379E-04
  4527.350  0.8940E-04  0.8838E-04  0.6727E-04  0.6622E-04  0.3497E-04  0.3410E-04
  4527.400  0.8940E-04  0.8918E-04  0.6727E-04  0.6711E-04  0.3497E-04  0.3489E-04
  4527.450  0.8940E-04  0.8894E-04  0.6727E-04  0.6686E-04  0.3497E-04  0.3469E-04
  4527.500  0.8940E-04  0.8913E-04  0.6727E-04  0.6706E-04  0.3497E-04  0.3485E-04
  4527.550  0.8940E-04  0.8925E-04  0.6727E-04  0.6719E-04  0.3497E-04  0.3496E-04
  4527.600  0.8940E-04  0.8925E-04  0.6727E-04  0.6718E-04  0.3497E-04  0.3495E-04
  4527.650  0.8940E-04  0.8923E-04  0.6727E-04  0.6717E-04  0.3497E-04  0.3494E-04
  4527.700  0.8940E-04  0.8925E-04  0.6727E-04  0.6718E-04  0.3497E-04  0.3496E-04
  4527.750  0.8940E-04  0.8909E-04  0.6727E-04  0.6701E-04  0.3497E-04  0.3482E-04
  4527.800  0.8940E-04  0.8898E-04  0.6727E-04  0.6690E-04  0.3497E-04  0.3473E-04
  4527.850  0.8940E-04  0.8923E-04  0.6727E-04  0.6717E-04  0.3497E-04  0.3495E-04
  4527.900  0.8939E-04  0.8923E-04  0.6727E-04  0.6717E-04  0.3497E-04  0.3494E-04
  4527.950  0.8939E-04  0.8924E-04  0.6727E-04  0.6718E-04  0.3497E-04  0.3495E-04
  4528.000  0.8939E-04  0.8925E-04  0.6727E-04  0.6719E-04  0.3497E-04  0.3496E-04
  4528.050  0.8939E-04  0.8925E-04  0.6727E-04  0.6719E-04  0.3497E-04  0.3496E-04
  4528.100  0.8939E-04  0.8924E-04  0.6727E-04  0.6718E-04  0.3497E-04  0.3496E-04
  4528.150  0.8939E-04  0.8924E-04  0.6727E-04  0.6718E-04  0.3497E-04  0.3496E-04
  4528.200  0.8939E-04  0.8924E-04  0.6727E-04  0.6718E-04  0.3497E-04  0.3496E-04
  4528.250  0.8939E-04  0.8924E-04  0.6727E-04  0.6718E-04  0.3497E-04  0.3496E-04
  4528.300  0.8939E-04  0.8924E-04  0.6727E-04  0.6718E-04  0.3497E-04  0.3496E-04
  4528.350  0.8939E-04  0.8924E-04  0.6727E-04  0.6718E-04  0.3497E-04  0.3496E-04
  4528.400  0.8939E-04  0.8922E-04  0.6726E-04  0.6717E-04  0.3497E-04  0.3495E-04
  4528.450  0.8939E-04  0.8840E-04  0.6726E-04  0.6627E-04  0.3497E-04  0.3414E-04
  4528.500  0.8938E-04  0.8540E-04  0.6726E-04  0.6308E-04  0.3497E-04  0.3158E-04
  4528.550  0.8938E-04  0.7954E-04  0.6726E-04  0.5724E-04  0.3497E-04  0.2842E-04
  4528.600  0.8938E-04  0.3375E-04  0.6726E-04  0.2511E-04  0.3497E-04  0.1898E-04
  4528.650  0.8938E-04  0.5383E-04  0.6726E-04  0.3607E-04  0.3497E-04  0.2149E-04
  4528.700  0.8938E-04  0.8849E-04  0.6726E-04  0.6639E-04  0.3497E-04  0.3435E-04
  4528.750  0.8938E-04  0.8884E-04  0.6726E-04  0.6676E-04  0.3497E-04  0.3463E-04
  4528.800  0.8938E-04  0.8852E-04  0.6726E-04  0.6642E-04  0.3497E-04  0.3435E-04
  4528.850  0.8938E-04  0.8893E-04  0.6726E-04  0.6686E-04  0.3497E-04  0.3471E-04
  4528.900  0.8938E-04  0.8921E-04  0.6726E-04  0.6716E-04  0.3497E-04  0.3495E-04
  4528.950  0.8938E-04  0.8923E-04  0.6726E-04  0.6717E-04  0.3497E-04  0.3496E-04
  4529.000  0.8938E-04  0.8922E-04  0.6726E-04  0.6717E-04  0.3497E-04  0.3496E-04
  4529.050  0.8938E-04  0.8906E-04  0.6726E-04  0.6700E-04  0.3498E-04  0.3482E-04
  4529.100  0.8937E-04  0.8910E-04  0.6726E-04  0.6704E-04  0.3498E-04  0.3485E-04
  4529.150  0.8937E-04  0.8922E-04  0.6726E-04  0.6717E-04  0.3498E-04  0.3496E-04
  4529.200  0.8937E-04  0.8923E-04  0.6726E-04  0.6718E-04  0.3498E-04  0.3497E-04
  4529.250  0.8937E-04  0.8923E-04  0.6726E-04  0.6718E-04  0.3498E-04  0.3497E-04
  4529.300  0.8937E-04  0.8922E-04  0.6726E-04  0.6718E-04  0.3498E-04  0.3497E-04
  4529.350  0.8937E-04  0.8922E-04  0.6726E-04  0.6717E-04  0.3498E-04  0.3496E-04
  4529.400  0.8937E-04  0.8872E-04  0.6726E-04  0.6663E-04  0.3498E-04  0.3449E-04
  4529.450  0.8937E-04  0.7828E-04  0.6726E-04  0.5580E-04  0.3498E-04  0.2676E-04
  4529.500  0.8937E-04  0.7949E-04  0.6726E-04  0.5700E-04  0.3498E-04  0.2744E-04
  4529.550  0.8937E-04  0.8782E-04  0.6726E-04  0.6579E-04  0.3498E-04  0.3399E-04
  4529.600  0.8937E-04  0.8851E-04  0.6726E-04  0.6649E-04  0.3498E-04  0.3452E-04
  4529.650  0.8937E-04  0.8920E-04  0.6725E-04  0.6716E-04  0.3498E-04  0.3496E-04
  4529.700  0.8936E-04  0.8922E-04  0.6725E-04  0.6717E-04  0.3498E-04  0.3497E-04
  4529.750  0.8936E-04  0.8921E-04  0.6725E-04  0.6717E-04  0.3498E-04  0.3497E-04
  4529.800  0.8936E-04  0.8913E-04  0.6725E-04  0.6708E-04  0.3498E-04  0.3490E-04
  4529.850  0.8936E-04  0.8904E-04  0.6725E-04  0.6698E-04  0.3498E-04  0.3481E-04
  4529.900  0.8936E-04  0.8919E-04  0.6725E-04  0.6715E-04  0.3498E-04  0.3495E-04
  4529.950  0.8936E-04  0.8921E-04  0.6725E-04  0.6717E-04  0.3498E-04  0.3497E-04
  4530.000  0.8936E-04  0.8920E-04  0.6725E-04  0.6716E-04  0.3498E-04  0.3497E-04
  4530.050  0.8936E-04  0.8920E-04  0.6725E-04  0.6716E-04  0.3498E-04  0.3496E-04
  4530.100  0.8936E-04  0.8920E-04  0.6725E-04  0.6716E-04  0.3498E-04  0.3496E-04
  4530.150  0.8936E-04  0.8921E-04  0.6725E-04  0.6717E-04  0.3498E-04  0.3497E-04
  4530.200  0.8936E-04  0.8921E-04  0.6725E-04  0.6717E-04  0.3498E-04  0.3497E-04
  4530.250  0.8936E-04  0.8921E-04  0.6725E-04  0.6717E-04  0.3498E-04  0.3497E-04
  4530.300  0.8935E-04  0.8921E-04  0.6725E-04  0.6717E-04  0.3498E-04  0.3497E-04
  4530.350  0.8935E-04  0.8921E-04  0.6725E-04  0.6717E-04  0.3498E-04  0.3497E-04
  4530.400  0.8935E-04  0.8920E-04  0.6725E-04  0.6717E-04  0.3498E-04  0.3497E-04
  4530.450  0.8935E-04  0.8919E-04  0.6725E-04  0.6716E-04  0.3498E-04  0.3496E-04
  4530.500  0.8935E-04  0.8917E-04  0.6725E-04  0.6713E-04  0.3498E-04  0.3494E-04
  4530.550  0.8935E-04  0.8915E-04  0.6725E-04  0.6712E-04  0.3498E-04  0.3494E-04
  4530.600  0.8935E-04  0.8905E-04  0.6725E-04  0.6703E-04  0.3498E-04  0.3489E-04
  4530.650  0.8935E-04  0.8895E-04  0.6725E-04  0.6690E-04  0.3498E-04  0.3476E-04
  4530.700  0.8935E-04  0.8708E-04  0.6725E-04  0.6491E-04  0.3498E-04  0.3324E-04
  4530.750  0.8935E-04  0.8664E-04  0.6725E-04  0.6444E-04  0.3498E-04  0.3290E-04
  4530.800  0.8935E-04  0.8903E-04  0.6725E-04  0.6699E-04  0.3498E-04  0.3484E-04
  4530.850  0.8935E-04  0.8916E-04  0.6725E-04  0.6712E-04  0.3498E-04  0.3494E-04
  4530.900  0.8934E-04  0.8899E-04  0.6725E-04  0.6694E-04  0.3498E-04  0.3480E-04
  4530.950  0.8934E-04  0.8799E-04  0.6724E-04  0.6587E-04  0.3498E-04  0.3394E-04
  4531.000  0.8934E-04  0.8893E-04  0.6724E-04  0.6688E-04  0.3498E-04  0.3475E-04
  4531.050  0.8934E-04  0.8914E-04  0.6724E-04  0.6711E-04  0.3498E-04  0.3493E-04
  4531.100  0.8934E-04  0.8492E-04  0.6724E-04  0.6258E-04  0.3498E-04  0.3139E-04
  4531.150  0.8934E-04  0.7225E-04  0.6724E-04  0.5018E-04  0.3498E-04  0.2494E-04
  4531.200  0.8934E-04  0.8656E-04  0.6724E-04  0.6432E-04  0.3498E-04  0.3267E-04
  4531.250  0.8934E-04  0.8913E-04  0.6724E-04  0.6710E-04  0.3498E-04  0.3494E-04
  4531.300  0.8934E-04  0.8916E-04  0.6724E-04  0.6713E-04  0.3498E-04  0.3496E-04
  4531.350  0.8934E-04  0.8917E-04  0.6724E-04  0.6714E-04  0.3498E-04  0.3497E-04
  4531.400  0.8934E-04  0.8916E-04  0.6724E-04  0.6714E-04  0.3498E-04  0.3497E-04
  4531.450  0.8934E-04  0.8911E-04  0.6724E-04  0.6708E-04  0.3499E-04  0.3492E-04
  4531.500  0.8933E-04  0.8915E-04  0.6724E-04  0.6712E-04  0.3499E-04  0.3496E-04
  4531.550  0.8933E-04  0.8889E-04  0.6724E-04  0.6685E-04  0.3499E-04  0.3475E-04
  4531.600  0.8933E-04  0.8768E-04  0.6724E-04  0.6557E-04  0.3499E-04  0.3377E-04
  4531.650  0.8933E-04  0.8773E-04  0.6724E-04  0.6562E-04  0.3499E-04  0.3381E-04
  4531.700  0.8933E-04  0.8907E-04  0.6724E-04  0.6704E-04  0.3499E-04  0.3490E-04
  4531.750  0.8933E-04  0.8914E-04  0.6724E-04  0.6712E-04  0.3499E-04  0.3496E-04
  4531.800  0.8933E-04  0.8906E-04  0.6724E-04  0.6705E-04  0.3499E-04  0.3493E-04
  4531.850  0.8933E-04  0.8907E-04  0.6724E-04  0.6706E-04  0.3499E-04  0.3493E-04
  4531.900  0.8933E-04  0.8916E-04  0.6724E-04  0.6714E-04  0.3499E-04  0.3497E-04
  4531.950  0.8933E-04  0.8917E-04  0.6724E-04  0.6715E-04  0.3499E-04  0.3498E-04
  4532.000  0.8933E-04  0.8915E-04  0.6724E-04  0.6714E-04  0.3499E-04  0.3497E-04
  4532.050  0.8933E-04  0.8915E-04  0.6724E-04  0.6713E-04  0.3499E-04  0.3497E-04
  4532.100  0.8932E-04  0.8909E-04  0.6724E-04  0.6707E-04  0.3499E-04  0.3492E-04
  4532.150  0.8932E-04  0.8828E-04  0.6724E-04  0.6622E-04  0.3499E-04  0.3424E-04
  4532.200  0.8932E-04  0.8848E-04  0.6723E-04  0.6643E-04  0.3499E-04  0.3441E-04
  4532.250  0.8932E-04  0.8912E-04  0.6723E-04  0.6710E-04  0.3499E-04  0.3495E-04
  4532.300  0.8932E-04  0.8902E-04  0.6723E-04  0.6700E-04  0.3499E-04  0.3487E-04
  4532.350  0.8932E-04  0.8898E-04  0.6723E-04  0.6696E-04  0.3499E-04  0.3484E-04
  4532.400  0.8932E-04  0.8911E-04  0.6723E-04  0.6710E-04  0.3499E-04  0.3495E-04
  4532.450  0.8932E-04  0.8907E-04  0.6723E-04  0.6705E-04  0.3499E-04  0.3491E-04
  4532.500  0.8932E-04  0.8903E-04  0.6723E-04  0.6701E-04  0.3499E-04  0.3487E-04
  4532.550  0.8932E-04  0.8913E-04  0.6723E-04  0.6712E-04  0.3499E-04  0.3497E-04
  4532.600  0.8932E-04  0.8915E-04  0.6723E-04  0.6713E-04  0.3499E-04  0.3498E-04
  4532.650  0.8932E-04  0.8915E-04  0.6723E-04  0.6714E-04  0.3499E-04  0.3498E-04
  4532.700  0.8931E-04  0.8914E-04  0.6723E-04  0.6713E-04  0.3499E-04  0.3497E-04
  4532.750  0.8931E-04  0.8913E-04  0.6723E-04  0.6711E-04  0.3499E-04  0.3496E-04
  4532.800  0.8931E-04  0.8915E-04  0.6723E-04  0.6714E-04  0.3499E-04  0.3498E-04
  4532.850  0.8931E-04  0.8915E-04  0.6723E-04  0.6714E-04  0.3499E-04  0.3498E-04
  4532.900  0.8931E-04  0.8915E-04  0.6723E-04  0.6714E-04  0.3499E-04  0.3498E-04
  4532.950  0.8931E-04  0.8915E-04  0.6723E-04  0.6714E-04  0.3499E-04  0.3498E-04
  4533.000  0.8931E-04  0.8915E-04  0.6723E-04  0.6714E-04  0.3499E-04  0.3498E-04
  4533.050  0.8931E-04  0.8912E-04  0.6723E-04  0.6711E-04  0.3499E-04  0.3496E-04
  4533.100  0.8931E-04  0.8804E-04  0.6723E-04  0.6596E-04  0.3499E-04  0.3406E-04
  4533.150  0.8931E-04  0.8759E-04  0.6723E-04  0.6548E-04  0.3499E-04  0.3370E-04
  4533.200  0.8931E-04  0.8542E-04  0.6723E-04  0.6316E-04  0.3499E-04  0.3188E-04
  4533.250  0.8931E-04  0.8091E-04  0.6723E-04  0.5849E-04  0.3499E-04  0.2886E-04
  4533.300  0.8930E-04  0.8835E-04  0.6723E-04  0.6628E-04  0.3499E-04  0.3427E-04
  4533.350  0.8930E-04  0.8913E-04  0.6723E-04  0.6713E-04  0.3499E-04  0.3498E-04
  4533.400  0.8930E-04  0.8913E-04  0.6723E-04  0.6713E-04  0.3499E-04  0.3498E-04
  4533.450  0.8930E-04  0.8913E-04  0.6723E-04  0.6713E-04  0.3499E-04  0.3498E-04
  4533.500  0.8930E-04  0.8912E-04  0.6722E-04  0.6713E-04  0.3499E-04  0.3498E-04
  4533.550  0.8930E-04  0.8911E-04  0.6722E-04  0.6712E-04  0.3499E-04  0.3497E-04
  4533.600  0.8930E-04  0.8910E-04  0.6722E-04  0.6710E-04  0.3499E-04  0.3496E-04
  4533.650  0.8930E-04  0.8910E-04  0.6722E-04  0.6711E-04  0.3499E-04  0.3497E-04
  4533.700  0.8930E-04  0.8890E-04  0.6722E-04  0.6693E-04  0.3499E-04  0.3486E-04
  4533.750  0.8930E-04  0.8878E-04  0.6722E-04  0.6682E-04  0.3499E-04  0.3479E-04
  4533.800  0.8930E-04  0.8902E-04  0.6722E-04  0.6704E-04  0.3499E-04  0.3493E-04
  4533.850  0.8930E-04  0.8891E-04  0.6722E-04  0.6693E-04  0.3500E-04  0.3484E-04
  4533.900  0.8929E-04  0.6913E-04  0.6722E-04  0.4755E-04  0.3500E-04  0.2338E-04
  4533.950  0.8929E-04  0.1953E-04  0.6722E-04  0.1748E-04  0.3500E-04  0.1372E-04
  4534.000  0.8929E-04  0.2209E-04  0.6722E-04  0.1896E-04  0.3500E-04  0.1476E-04
  4534.050  0.8929E-04  0.8244E-04  0.6722E-04  0.6020E-04  0.3500E-04  0.2972E-04
  4534.100  0.8929E-04  0.8715E-04  0.6722E-04  0.6517E-04  0.3500E-04  0.3353E-04
  4534.150  0.8929E-04  0.6384E-04  0.6722E-04  0.4368E-04  0.3500E-04  0.2264E-04
  4534.200  0.8929E-04  0.7257E-04  0.6722E-04  0.5110E-04  0.3500E-04  0.2536E-04
  4534.250  0.8929E-04  0.8815E-04  0.6722E-04  0.6625E-04  0.3500E-04  0.3449E-04
  4534.300  0.8929E-04  0.8837E-04  0.6722E-04  0.6648E-04  0.3500E-04  0.3467E-04
  4534.350  0.8929E-04  0.8860E-04  0.6722E-04  0.6672E-04  0.3500E-04  0.3484E-04
  4534.400  0.8929E-04  0.8880E-04  0.6722E-04  0.6691E-04  0.3500E-04  0.3494E-04
  4534.450  0.8929E-04  0.8890E-04  0.6722E-04  0.6699E-04  0.3500E-04  0.3496E-04
  4534.500  0.8928E-04  0.8895E-04  0.6722E-04  0.6703E-04  0.3500E-04  0.3497E-04
  4534.550  0.8928E-04  0.8898E-04  0.6722E-04  0.6705E-04  0.3500E-04  0.3497E-04
  4534.600  0.8928E-04  0.8901E-04  0.6722E-04  0.6707E-04  0.3500E-04  0.3498E-04
  4534.650  0.8928E-04  0.8904E-04  0.6722E-04  0.6708E-04  0.3500E-04  0.3498E-04
  4534.700  0.8928E-04  0.8893E-04  0.6722E-04  0.6696E-04  0.3500E-04  0.3487E-04
  4534.750  0.8928E-04  0.8514E-04  0.6722E-04  0.6287E-04  0.3500E-04  0.3166E-04
  4534.800  0.8928E-04  0.8437E-04  0.6721E-04  0.6206E-04  0.3500E-04  0.3109E-04
  4534.850  0.8928E-04  0.8884E-04  0.6721E-04  0.6685E-04  0.3500E-04  0.3477E-04
  4534.900  0.8928E-04  0.8909E-04  0.6721E-04  0.6711E-04  0.3500E-04  0.3499E-04
  4534.950  0.8928E-04  0.8910E-04  0.6721E-04  0.6712E-04  0.3500E-04  0.3499E-04
  4535.000  0.8928E-04  0.8910E-04  0.6721E-04  0.6712E-04  0.3500E-04  0.3499E-04
  4535.050  0.8928E-04  0.8909E-04  0.6721E-04  0.6711E-04  0.3500E-04  0.3498E-04
  4535.100  0.8927E-04  0.8871E-04  0.6721E-04  0.6669E-04  0.3500E-04  0.3465E-04
  4535.150  0.8927E-04  0.8865E-04  0.6721E-04  0.6663E-04  0.3500E-04  0.3461E-04
  4535.200  0.8927E-04  0.8905E-04  0.6721E-04  0.6706E-04  0.3500E-04  0.3494E-04
  4535.250  0.8927E-04  0.8910E-04  0.6721E-04  0.6711E-04  0.3500E-04  0.3498E-04
  4535.300  0.8927E-04  0.8911E-04  0.6721E-04  0.6712E-04  0.3500E-04  0.3499E-04
  4535.350  0.8927E-04  0.8911E-04  0.6721E-04  0.6712E-04  0.3500E-04  0.3499E-04
  4535.400  0.8927E-04  0.8911E-04  0.6721E-04  0.6712E-04  0.3500E-04  0.3499E-04
  4535.450  0.8927E-04  0.8911E-04  0.6721E-04  0.6712E-04  0.3500E-04  0.3499E-04
  4535.500  0.8927E-04  0.8897E-04  0.6721E-04  0.6696E-04  0.3500E-04  0.3486E-04
  4535.550  0.8927E-04  0.8634E-04  0.6721E-04  0.6412E-04  0.3500E-04  0.3254E-04
  4535.600  0.8927E-04  0.8715E-04  0.6721E-04  0.6499E-04  0.3500E-04  0.3322E-04
  4535.650  0.8927E-04  0.8851E-04  0.6721E-04  0.6648E-04  0.3500E-04  0.3448E-04
  4535.700  0.8926E-04  0.8704E-04  0.6721E-04  0.6491E-04  0.3500E-04  0.3327E-04
  4535.750  0.8926E-04  0.8852E-04  0.6721E-04  0.6649E-04  0.3500E-04  0.3448E-04
  4535.800  0.8926E-04  0.8901E-04  0.6721E-04  0.6701E-04  0.3500E-04  0.3491E-04
  4535.850  0.8926E-04  0.8822E-04  0.6721E-04  0.6615E-04  0.3500E-04  0.3418E-04
  4535.900  0.8926E-04  0.8670E-04  0.6721E-04  0.6450E-04  0.3500E-04  0.3284E-04
  4535.950  0.8926E-04  0.8802E-04  0.6721E-04  0.6593E-04  0.3500E-04  0.3398E-04
  4536.000  0.8926E-04  0.8855E-04  0.6721E-04  0.6651E-04  0.3500E-04  0.3447E-04
  4536.050  0.8926E-04  0.8742E-04  0.6720E-04  0.6527E-04  0.3500E-04  0.3343E-04
  4536.100  0.8926E-04  0.8892E-04  0.6720E-04  0.6691E-04  0.3500E-04  0.3481E-04
  4536.150  0.8926E-04  0.8911E-04  0.6720E-04  0.6712E-04  0.3500E-04  0.3499E-04
  4536.200  0.8926E-04  0.8911E-04  0.6720E-04  0.6713E-04  0.3500E-04  0.3500E-04
  4536.250  0.8926E-04  0.8911E-04  0.6720E-04  0.6713E-04  0.3501E-04  0.3500E-04
  4536.300  0.8925E-04  0.8911E-04  0.6720E-04  0.6712E-04  0.3501E-04  0.3500E-04
  4536.350  0.8925E-04  0.8911E-04  0.6720E-04  0.6712E-04  0.3501E-04  0.3500E-04
  4536.400  0.8925E-04  0.8911E-04  0.6720E-04  0.6712E-04  0.3501E-04  0.3500E-04
  4536.450  0.8925E-04  0.8907E-04  0.6720E-04  0.6708E-04  0.3501E-04  0.3496E-04
  4536.500  0.8925E-04  0.8900E-04  0.6720E-04  0.6701E-04  0.3501E-04  0.3491E-04
  4536.550  0.8925E-04  0.8909E-04  0.6720E-04  0.6711E-04  0.3501E-04  0.3499E-04
  4536.600  0.8925E-04  0.8911E-04  0.6720E-04  0.6712E-04  0.3501E-04  0.3500E-04
  4536.650  0.8925E-04  0.8911E-04  0.6720E-04  0.6712E-04  0.3501E-04  0.3500E-04
  4536.700  0.8925E-04  0.8910E-04  0.6720E-04  0.6712E-04  0.3501E-04  0.3499E-04
  4536.750  0.8925E-04  0.8910E-04  0.6720E-04  0.6712E-04  0.3501E-04  0.3499E-04
  4536.800  0.8925E-04  0.8911E-04  0.6720E-04  0.6712E-04  0.3501E-04  0.3500E-04
  4536.850  0.8925E-04  0.8909E-04  0.6720E-04  0.6710E-04  0.3501E-04  0.3498E-04
  4536.900  0.8924E-04  0.8905E-04  0.6720E-04  0.6706E-04  0.3501E-04  0.3494E-04
  4536.950  0.8924E-04  0.8910E-04  0.6720E-04  0.6712E-04  0.3501E-04  0.3500E-04
  4537.000  0.8924E-04  0.8910E-04  0.6720E-04  0.6712E-04  0.3501E-04  0.3500E-04
  4537.050  0.8924E-04  0.8910E-04  0.6720E-04  0.6712E-04  0.3501E-04  0.3500E-04
  4537.100  0.8924E-04  0.8910E-04  0.6720E-04  0.6712E-04  0.3501E-04  0.3500E-04
  4537.150  0.8924E-04  0.8910E-04  0.6720E-04  0.6712E-04  0.3501E-04  0.3500E-04
  4537.200  0.8924E-04  0.8910E-04  0.6720E-04  0.6712E-04  0.3501E-04  0.3500E-04
  4537.250  0.8924E-04  0.8910E-04  0.6720E-04  0.6712E-04  0.3501E-04  0.3500E-04
  4537.300  0.8924E-04  0.8910E-04  0.6720E-04  0.6711E-04  0.3501E-04  0.3500E-04
  4537.350  0.8924E-04  0.8910E-04  0.6719E-04  0.6712E-04  0.3501E-04  0.3500E-04
  4537.400  0.8924E-04  0.8910E-04  0.6719E-04  0.6712E-04  0.3501E-04  0.3500E-04
  4537.450  0.8924E-04  0.8910E-04  0.6719E-04  0.6712E-04  0.3501E-04  0.3500E-04
  4537.500  0.8923E-04  0.8910E-04  0.6719E-04  0.6712E-04  0.3501E-04  0.3500E-04
  4537.550  0.8923E-04  0.8910E-04  0.6719E-04  0.6712E-04  0.3501E-04  0.3500E-04
  4537.600  0.8923E-04  0.8909E-04  0.6719E-04  0.6711E-04  0.3501E-04  0.3500E-04
  4537.650  0.8923E-04  0.8896E-04  0.6719E-04  0.6697E-04  0.3501E-04  0.3488E-04
  4537.700  0.8923E-04  0.8900E-04  0.6719E-04  0.6702E-04  0.3501E-04  0.3492E-04
  4537.750  0.8923E-04  0.8909E-04  0.6719E-04  0.6711E-04  0.3501E-04  0.3500E-04
  4537.800  0.8923E-04  0.8908E-04  0.6719E-04  0.6711E-04  0.3501E-04  0.3500E-04
  4537.850  0.8923E-04  0.8907E-04  0.6719E-04  0.6709E-04  0.3501E-04  0.3498E-04
  4537.900  0.8923E-04  0.8903E-04  0.6719E-04  0.6705E-04  0.3501E-04  0.3495E-04
  4537.950  0.8923E-04  0.8903E-04  0.6719E-04  0.6706E-04  0.3501E-04  0.3496E-04
  4538.000  0.8923E-04  0.8909E-04  0.6719E-04  0.6711E-04  0.3501E-04  0.3500E-04
  4538.050  0.8923E-04  0.8908E-04  0.6719E-04  0.6711E-04  0.3501E-04  0.3500E-04
  4538.100  0.8922E-04  0.8904E-04  0.6719E-04  0.6706E-04  0.3501E-04  0.3497E-04
  4538.150  0.8922E-04  0.8905E-04  0.6719E-04  0.6707E-04  0.3501E-04  0.3497E-04
  4538.200  0.8922E-04  0.8908E-04  0.6719E-04  0.6711E-04  0.3501E-04  0.3500E-04
  4538.250  0.8922E-04  0.8907E-04  0.6719E-04  0.6710E-04  0.3501E-04  0.3499E-04
  4538.300  0.8922E-04  0.8908E-04  0.6719E-04  0.6711E-04  0.3501E-04  0.3500E-04
  4538.350  0.8922E-04  0.8908E-04  0.6719E-04  0.6711E-04  0.3501E-04  0.3501E-04
  4538.400  0.8922E-04  0.8908E-04  0.6719E-04  0.6711E-04  0.3501E-04  0.3501E-04
  4538.450  0.8922E-04  0.8908E-04  0.6719E-04  0.6711E-04  0.3501E-04  0.3501E-04
  4538.500  0.8922E-04  0.8908E-04  0.6719E-04  0.6711E-04  0.3501E-04  0.3501E-04
  4538.550  0.8922E-04  0.8903E-04  0.6719E-04  0.6705E-04  0.3501E-04  0.3496E-04
  4538.600  0.8922E-04  0.8890E-04  0.6719E-04  0.6692E-04  0.3501E-04  0.3486E-04
  4538.650  0.8922E-04  0.8894E-04  0.6718E-04  0.6696E-04  0.3502E-04  0.3489E-04
  4538.700  0.8921E-04  0.8904E-04  0.6718E-04  0.6707E-04  0.3502E-04  0.3498E-04
  4538.750  0.8921E-04  0.8897E-04  0.6718E-04  0.6700E-04  0.3502E-04  0.3492E-04
  4538.800  0.8921E-04  0.8902E-04  0.6718E-04  0.6705E-04  0.3502E-04  0.3497E-04
  4538.850  0.8921E-04  0.8895E-04  0.6718E-04  0.6699E-04  0.3502E-04  0.3493E-04
  4538.900  0.8921E-04  0.8885E-04  0.6718E-04  0.6689E-04  0.3502E-04  0.3486E-04
  4538.950  0.8921E-04  0.8877E-04  0.6718E-04  0.6678E-04  0.3502E-04  0.3476E-04
  4539.000  0.8921E-04  0.8903E-04  0.6718E-04  0.6706E-04  0.3502E-04  0.3498E-04
  4539.050  0.8921E-04  0.8902E-04  0.6718E-04  0.6704E-04  0.3502E-04  0.3494E-04
  4539.100  0.8921E-04  0.8904E-04  0.6718E-04  0.6707E-04  0.3502E-04  0.3497E-04
  4539.150  0.8921E-04  0.8907E-04  0.6718E-04  0.6711E-04  0.3502E-04  0.3501E-04
  4539.200  0.8921E-04  0.8907E-04  0.6718E-04  0.6710E-04  0.3502E-04  0.3501E-04
  4539.250  0.8921E-04  0.8905E-04  0.6718E-04  0.6708E-04  0.3502E-04  0.3499E-04
  4539.300  0.8920E-04  0.8906E-04  0.6718E-04  0.6710E-04  0.3502E-04  0.3501E-04
  4539.350  0.8920E-04  0.8906E-04  0.6718E-04  0.6710E-04  0.3502E-04  0.3501E-04
  4539.400  0.8920E-04  0.8907E-04  0.6718E-04  0.6710E-04  0.3502E-04  0.3501E-04
  4539.450  0.8920E-04  0.8907E-04  0.6718E-04  0.6710E-04  0.3502E-04  0.3501E-04
  4539.500  0.8920E-04  0.8906E-04  0.6718E-04  0.6709E-04  0.3502E-04  0.3500E-04
  4539.550  0.8920E-04  0.8821E-04  0.6718E-04  0.6621E-04  0.3502E-04  0.3431E-04
  4539.600  0.8920E-04  0.8592E-04  0.6718E-04  0.6385E-04  0.3502E-04  0.3252E-04
  4539.650  0.8920E-04  0.8859E-04  0.6718E-04  0.6661E-04  0.3502E-04  0.3463E-04
  4539.700  0.8920E-04  0.8880E-04  0.6718E-04  0.6682E-04  0.3502E-04  0.3478E-04
  4539.750  0.8920E-04  0.8844E-04  0.6718E-04  0.6641E-04  0.3502E-04  0.3439E-04
  4539.800  0.8920E-04  0.8890E-04  0.6718E-04  0.6693E-04  0.3502E-04  0.3487E-04
  4539.850  0.8920E-04  0.8901E-04  0.6718E-04  0.6705E-04  0.3502E-04  0.3498E-04
  4539.900  0.8920E-04  0.8905E-04  0.6717E-04  0.6709E-04  0.3502E-04  0.3501E-04
  4539.950  0.8919E-04  0.8906E-04  0.6717E-04  0.6710E-04  0.3502E-04  0.3501E-04
  4540.000  0.8919E-04  0.8905E-04  0.6717E-04  0.6709E-04  0.3502E-04  0.3500E-04
  4540.050  0.8919E-04  0.8906E-04  0.6717E-04  0.6710E-04  0.3502E-04  0.3501E-04
  4540.100  0.8919E-04  0.8906E-04  0.6717E-04  0.6710E-04  0.3502E-04  0.3501E-04
  4540.150  0.8919E-04  0.8902E-04  0.6717E-04  0.6706E-04  0.3502E-04  0.3499E-04
  4540.200  0.8919E-04  0.8900E-04  0.6717E-04  0.6704E-04  0.3502E-04  0.3497E-04
  4540.250  0.8919E-04  0.8905E-04  0.6717E-04  0.6709E-04  0.3502E-04  0.3501E-04
  4540.300  0.8919E-04  0.8905E-04  0.6717E-04  0.6710E-04  0.3502E-04  0.3501E-04
  4540.350  0.8919E-04  0.8905E-04  0.6717E-04  0.6709E-04  0.3502E-04  0.3501E-04
  4540.400  0.8919E-04  0.8901E-04  0.6717E-04  0.6705E-04  0.3502E-04  0.3498E-04
  4540.450  0.8919E-04  0.8841E-04  0.6717E-04  0.6641E-04  0.3502E-04  0.3447E-04
  4540.500  0.8919E-04  0.8762E-04  0.6717E-04  0.6556E-04  0.3502E-04  0.3380E-04
  4540.550  0.8918E-04  0.8893E-04  0.6717E-04  0.6697E-04  0.3502E-04  0.3492E-04
  4540.600  0.8918E-04  0.8904E-04  0.6717E-04  0.6708E-04  0.3502E-04  0.3501E-04
  4540.650  0.8918E-04  0.8895E-04  0.6717E-04  0.6699E-04  0.3502E-04  0.3494E-04
  4540.700  0.8918E-04  0.8825E-04  0.6717E-04  0.6625E-04  0.3502E-04  0.3437E-04
  4540.750  0.8918E-04  0.8771E-04  0.6717E-04  0.6567E-04  0.3502E-04  0.3392E-04
  4540.800  0.8918E-04  0.8890E-04  0.6717E-04  0.6694E-04  0.3502E-04  0.3490E-04
  4540.850  0.8918E-04  0.8880E-04  0.6717E-04  0.6683E-04  0.3502E-04  0.3480E-04
  4540.900  0.8918E-04  0.8894E-04  0.6717E-04  0.6698E-04  0.3502E-04  0.3492E-04
  4540.950  0.8918E-04  0.8903E-04  0.6717E-04  0.6708E-04  0.3502E-04  0.3501E-04
  4541.000  0.8918E-04  0.8895E-04  0.6717E-04  0.6701E-04  0.3502E-04  0.3496E-04
  4541.050  0.8918E-04  0.8837E-04  0.6717E-04  0.6644E-04  0.3502E-04  0.3457E-04
  4541.100  0.8918E-04  0.8881E-04  0.6717E-04  0.6686E-04  0.3503E-04  0.3486E-04
  4541.150  0.8917E-04  0.8902E-04  0.6717E-04  0.6707E-04  0.3503E-04  0.3500E-04
  4541.200  0.8917E-04  0.8902E-04  0.6716E-04  0.6707E-04  0.3503E-04  0.3500E-04
  4541.250  0.8917E-04  0.8893E-04  0.6716E-04  0.6697E-04  0.3503E-04  0.3489E-04
  4541.300  0.8917E-04  0.8882E-04  0.6716E-04  0.6686E-04  0.3503E-04  0.3482E-04
  4541.350  0.8917E-04  0.8894E-04  0.6716E-04  0.6699E-04  0.3503E-04  0.3494E-04
  4541.400  0.8917E-04  0.8900E-04  0.6716E-04  0.6706E-04  0.3503E-04  0.3500E-04
  4541.450  0.8917E-04  0.8647E-04  0.6716E-04  0.6447E-04  0.3503E-04  0.3304E-04
  4541.500  0.8917E-04  0.4635E-04  0.6716E-04  0.3156E-04  0.3503E-04  0.1957E-04
  4541.550  0.8917E-04  0.4915E-04  0.6716E-04  0.3329E-04  0.3503E-04  0.1999E-04
  4541.600  0.8917E-04  0.8708E-04  0.6716E-04  0.6509E-04  0.3503E-04  0.3351E-04
  4541.650  0.8917E-04  0.8892E-04  0.6716E-04  0.6697E-04  0.3503E-04  0.3493E-04
  4541.700  0.8917E-04  0.8900E-04  0.6716E-04  0.6706E-04  0.3503E-04  0.3500E-04
  4541.750  0.8916E-04  0.8901E-04  0.6716E-04  0.6706E-04  0.3503E-04  0.3500E-04
  4541.800  0.8916E-04  0.8902E-04  0.6716E-04  0.6708E-04  0.3503E-04  0.3501E-04
  4541.850  0.8916E-04  0.8902E-04  0.6716E-04  0.6708E-04  0.3503E-04  0.3502E-04
  4541.900  0.8916E-04  0.8899E-04  0.6716E-04  0.6704E-04  0.3503E-04  0.3499E-04
  4541.950  0.8916E-04  0.8889E-04  0.6716E-04  0.6694E-04  0.3503E-04  0.3491E-04
  4542.000  0.8916E-04  0.8901E-04  0.6716E-04  0.6707E-04  0.3503E-04  0.3501E-04
  4542.050  0.8916E-04  0.8902E-04  0.6716E-04  0.6708E-04  0.3503E-04  0.3502E-04
  4542.100  0.8916E-04  0.8902E-04  0.6716E-04  0.6708E-04  0.3503E-04  0.3502E-04
  4542.150  0.8916E-04  0.8902E-04  0.6716E-04  0.6708E-04  0.3503E-04  0.3502E-04
  4542.200  0.8916E-04  0.8892E-04  0.6716E-04  0.6698E-04  0.3503E-04  0.3494E-04
  4542.250  0.8916E-04  0.8883E-04  0.6716E-04  0.6688E-04  0.3503E-04  0.3487E-04
  4542.300  0.8916E-04  0.8901E-04  0.6716E-04  0.6707E-04  0.3503E-04  0.3501E-04
  4542.350  0.8915E-04  0.8895E-04  0.6716E-04  0.6700E-04  0.3503E-04  0.3496E-04
  4542.400  0.8915E-04  0.8820E-04  0.6716E-04  0.6621E-04  0.3503E-04  0.3434E-04
  4542.450  0.8915E-04  0.8871E-04  0.6715E-04  0.6676E-04  0.3503E-04  0.3477E-04
  4542.500  0.8915E-04  0.8901E-04  0.6715E-04  0.6707E-04  0.3503E-04  0.3502E-04
  4542.550  0.8915E-04  0.8899E-04  0.6715E-04  0.6705E-04  0.3503E-04  0.3500E-04
  4542.600  0.8915E-04  0.8882E-04  0.6715E-04  0.6686E-04  0.3503E-04  0.3481E-04
  4542.650  0.8915E-04  0.8884E-04  0.6715E-04  0.6689E-04  0.3503E-04  0.3487E-04
  4542.700  0.8915E-04  0.8869E-04  0.6715E-04  0.6673E-04  0.3503E-04  0.3475E-04
  4542.750  0.8915E-04  0.8895E-04  0.6715E-04  0.6701E-04  0.3503E-04  0.3497E-04
  4542.800  0.8915E-04  0.8885E-04  0.6715E-04  0.6690E-04  0.3503E-04  0.3487E-04
  4542.850  0.8915E-04  0.8897E-04  0.6715E-04  0.6703E-04  0.3503E-04  0.3498E-04
  4542.900  0.8915E-04  0.8901E-04  0.6715E-04  0.6708E-04  0.3503E-04  0.3502E-04
  4542.950  0.8914E-04  0.8901E-04  0.6715E-04  0.6707E-04  0.3503E-04  0.3502E-04
  4543.000  0.8914E-04  0.8901E-04  0.6715E-04  0.6708E-04  0.3503E-04  0.3502E-04
  4543.050  0.8914E-04  0.8901E-04  0.6715E-04  0.6708E-04  0.3503E-04  0.3503E-04
  4543.100  0.8914E-04  0.8901E-04  0.6715E-04  0.6708E-04  0.3503E-04  0.3503E-04
  4543.150  0.8914E-04  0.8901E-04  0.6715E-04  0.6708E-04  0.3503E-04  0.3503E-04
  4543.200  0.8914E-04  0.8901E-04  0.6715E-04  0.6708E-04  0.3503E-04  0.3503E-04
  4543.250  0.8914E-04  0.8901E-04  0.6715E-04  0.6708E-04  0.3503E-04  0.3503E-04
  4543.300  0.8914E-04  0.8901E-04  0.6715E-04  0.6708E-04  0.3503E-04  0.3503E-04
  4543.350  0.8914E-04  0.8901E-04  0.6715E-04  0.6708E-04  0.3503E-04  0.3503E-04
  4543.400  0.8914E-04  0.8901E-04  0.6715E-04  0.6708E-04  0.3503E-04  0.3503E-04
  4543.450  0.8914E-04  0.8901E-04  0.6715E-04  0.6707E-04  0.3503E-04  0.3503E-04
  4543.500  0.8914E-04  0.8900E-04  0.6715E-04  0.6707E-04  0.3504E-04  0.3503E-04
  4543.550  0.8913E-04  0.8900E-04  0.6715E-04  0.6707E-04  0.3504E-04  0.3503E-04
  4543.600  0.8913E-04  0.8900E-04  0.6715E-04  0.6707E-04  0.3504E-04  0.3503E-04
  4543.650  0.8913E-04  0.8900E-04  0.6715E-04  0.6707E-04  0.3504E-04  0.3503E-04
  4543.700  0.8913E-04  0.8899E-04  0.6715E-04  0.6706E-04  0.3504E-04  0.3502E-04
  4543.750  0.8913E-04  0.8893E-04  0.6714E-04  0.6699E-04  0.3504E-04  0.3496E-04
  4543.800  0.8913E-04  0.8892E-04  0.6714E-04  0.6699E-04  0.3504E-04  0.3496E-04
  4543.850  0.8913E-04  0.8896E-04  0.6714E-04  0.6703E-04  0.3504E-04  0.3500E-04
  4543.900  0.8913E-04  0.8899E-04  0.6714E-04  0.6707E-04  0.3504E-04  0.3502E-04
  4543.950  0.8913E-04  0.8873E-04  0.6714E-04  0.6678E-04  0.3504E-04  0.3477E-04
  4544.000  0.8913E-04  0.8137E-04  0.6714E-04  0.5896E-04  0.3504E-04  0.2861E-04
  4544.050  0.8913E-04  0.8026E-04  0.6714E-04  0.5783E-04  0.3504E-04  0.2790E-04
  4544.100  0.8913E-04  0.8859E-04  0.6714E-04  0.6663E-04  0.3504E-04  0.3463E-04
  4544.150  0.8912E-04  0.8899E-04  0.6714E-04  0.6707E-04  0.3504E-04  0.3503E-04
  4544.200  0.8912E-04  0.8899E-04  0.6714E-04  0.6707E-04  0.3504E-04  0.3503E-04
  4544.250  0.8912E-04  0.8899E-04  0.6714E-04  0.6707E-04  0.3504E-04  0.3503E-04
  4544.300  0.8912E-04  0.8899E-04  0.6714E-04  0.6707E-04  0.3504E-04  0.3503E-04
  4544.350  0.8912E-04  0.8899E-04  0.6714E-04  0.6706E-04  0.3504E-04  0.3503E-04
  4544.400  0.8912E-04  0.8896E-04  0.6714E-04  0.6704E-04  0.3504E-04  0.3501E-04
  4544.450  0.8912E-04  0.8896E-04  0.6714E-04  0.6704E-04  0.3504E-04  0.3501E-04
  4544.500  0.8912E-04  0.8893E-04  0.6714E-04  0.6701E-04  0.3504E-04  0.3499E-04
  4544.550  0.8912E-04  0.8867E-04  0.6714E-04  0.6673E-04  0.3504E-04  0.3476E-04
  4544.600  0.8912E-04  0.8701E-04  0.6714E-04  0.6495E-04  0.3504E-04  0.3338E-04
  4544.650  0.8912E-04  0.8797E-04  0.6714E-04  0.6597E-04  0.3504E-04  0.3414E-04
  4544.700  0.8912E-04  0.8771E-04  0.6714E-04  0.6568E-04  0.3504E-04  0.3385E-04
  4544.750  0.8911E-04  0.8887E-04  0.6714E-04  0.6695E-04  0.3504E-04  0.3493E-04
  4544.800  0.8911E-04  0.8898E-04  0.6714E-04  0.6706E-04  0.3504E-04  0.3503E-04
  4544.850  0.8911E-04  0.8898E-04  0.6714E-04  0.6706E-04  0.3504E-04  0.3503E-04
  4544.900  0.8911E-04  0.8897E-04  0.6714E-04  0.6705E-04  0.3504E-04  0.3502E-04
  4544.950  0.8911E-04  0.8890E-04  0.6714E-04  0.6697E-04  0.3504E-04  0.3494E-04
  4545.000  0.8911E-04  0.8896E-04  0.6714E-04  0.6704E-04  0.3504E-04  0.3501E-04
  4545.050  0.8911E-04  0.8838E-04  0.6713E-04  0.6642E-04  0.3504E-04  0.3446E-04
  4545.100  0.8911E-04  0.6830E-04  0.6713E-04  0.4663E-04  0.3504E-04  0.2274E-04
  4545.150  0.8911E-04  0.5895E-04  0.6713E-04  0.3902E-04  0.3504E-04  0.2044E-04
  4545.200  0.8911E-04  0.8644E-04  0.6713E-04  0.6434E-04  0.3504E-04  0.3271E-04
  4545.250  0.8911E-04  0.8888E-04  0.6713E-04  0.6696E-04  0.3504E-04  0.3497E-04
  4545.300  0.8911E-04  0.8880E-04  0.6713E-04  0.6688E-04  0.3504E-04  0.3489E-04
  4545.350  0.8910E-04  0.8869E-04  0.6713E-04  0.6676E-04  0.3504E-04  0.3479E-04
  4545.400  0.8910E-04  0.8884E-04  0.6713E-04  0.6692E-04  0.3504E-04  0.3492E-04
  4545.450  0.8910E-04  0.8891E-04  0.6713E-04  0.6699E-04  0.3504E-04  0.3498E-04
  4545.500  0.8910E-04  0.8864E-04  0.6713E-04  0.6671E-04  0.3504E-04  0.3474E-04
  4545.550  0.8910E-04  0.8887E-04  0.6713E-04  0.6695E-04  0.3504E-04  0.3494E-04
  4545.600  0.8910E-04  0.8897E-04  0.6713E-04  0.6705E-04  0.3504E-04  0.3503E-04
  4545.650  0.8910E-04  0.8897E-04  0.6713E-04  0.6706E-04  0.3504E-04  0.3504E-04
  4545.700  0.8910E-04  0.8897E-04  0.6713E-04  0.6706E-04  0.3504E-04  0.3504E-04
  4545.750  0.8910E-04  0.8897E-04  0.6713E-04  0.6706E-04  0.3504E-04  0.3504E-04
  4545.800  0.8910E-04  0.8896E-04  0.6713E-04  0.6705E-04  0.3504E-04  0.3503E-04
  4545.850  0.8910E-04  0.8894E-04  0.6713E-04  0.6703E-04  0.3504E-04  0.3501E-04
  4545.900  0.8910E-04  0.8811E-04  0.6713E-04  0.6613E-04  0.3504E-04  0.3424E-04
  4545.950  0.8909E-04  0.8581E-04  0.6713E-04  0.6364E-04  0.3505E-04  0.3225E-04
  4546.000  0.8909E-04  0.8852E-04  0.6713E-04  0.6657E-04  0.3505E-04  0.3462E-04
  4546.050  0.8909E-04  0.8891E-04  0.6713E-04  0.6701E-04  0.3505E-04  0.3501E-04
  4546.100  0.8909E-04  0.8895E-04  0.6713E-04  0.6704E-04  0.3505E-04  0.3503E-04
  4546.150  0.8909E-04  0.8896E-04  0.6713E-04  0.6705E-04  0.3505E-04  0.3504E-04
  4546.200  0.8909E-04  0.8896E-04  0.6713E-04  0.6705E-04  0.3505E-04  0.3504E-04
  4546.250  0.8909E-04  0.8896E-04  0.6713E-04  0.6705E-04  0.3505E-04  0.3504E-04
  4546.300  0.8909E-04  0.8896E-04  0.6712E-04  0.6705E-04  0.3505E-04  0.3504E-04
  4546.350  0.8909E-04  0.8896E-04  0.6712E-04  0.6705E-04  0.3505E-04  0.3504E-04
  4546.400  0.8909E-04  0.8895E-04  0.6712E-04  0.6705E-04  0.3505E-04  0.3503E-04
  4546.450  0.8909E-04  0.8886E-04  0.6712E-04  0.6695E-04  0.3505E-04  0.3496E-04
  4546.500  0.8909E-04  0.8890E-04  0.6712E-04  0.6699E-04  0.3505E-04  0.3500E-04
  4546.550  0.8908E-04  0.8894E-04  0.6712E-04  0.6704E-04  0.3505E-04  0.3503E-04
  4546.600  0.8908E-04  0.8872E-04  0.6712E-04  0.6684E-04  0.3505E-04  0.3492E-04
  4546.650  0.8908E-04  0.8869E-04  0.6712E-04  0.6680E-04  0.3505E-04  0.3489E-04
  4546.700  0.8908E-04  0.8885E-04  0.6712E-04  0.6694E-04  0.3505E-04  0.3496E-04
  4546.750  0.8908E-04  0.8894E-04  0.6712E-04  0.6704E-04  0.3505E-04  0.3503E-04
  4546.800  0.8908E-04  0.8894E-04  0.6712E-04  0.6704E-04  0.3505E-04  0.3503E-04
  4546.850  0.8908E-04  0.8883E-04  0.6712E-04  0.6693E-04  0.3505E-04  0.3496E-04
  4546.900  0.8908E-04  0.8699E-04  0.6712E-04  0.6500E-04  0.3505E-04  0.3355E-04
  4546.950  0.8908E-04  0.8758E-04  0.6712E-04  0.6562E-04  0.3505E-04  0.3400E-04
  4547.000  0.8908E-04  0.8852E-04  0.6712E-04  0.6658E-04  0.3505E-04  0.3464E-04
  4547.050  0.8908E-04  0.8873E-04  0.6712E-04  0.6681E-04  0.3505E-04  0.3483E-04
  4547.100  0.8908E-04  0.8893E-04  0.6712E-04  0.6703E-04  0.3505E-04  0.3503E-04
  4547.150  0.8907E-04  0.8889E-04  0.6712E-04  0.6699E-04  0.3505E-04  0.3501E-04
  4547.200  0.8907E-04  0.8836E-04  0.6712E-04  0.6643E-04  0.3505E-04  0.3458E-04
  4547.250  0.8907E-04  0.8847E-04  0.6712E-04  0.6659E-04  0.3505E-04  0.3473E-04
  4547.300  0.8907E-04  0.8887E-04  0.6712E-04  0.6699E-04  0.3505E-04  0.3502E-04
  4547.350  0.8907E-04  0.8894E-04  0.6712E-04  0.6704E-04  0.3505E-04  0.3504E-04
  4547.400  0.8907E-04  0.8894E-04  0.6712E-04  0.6704E-04  0.3505E-04  0.3504E-04
  4547.450  0.8907E-04  0.8893E-04  0.6712E-04  0.6704E-04  0.3505E-04  0.3504E-04
  4547.500  0.8907E-04  0.8892E-04  0.6712E-04  0.6703E-04  0.3505E-04  0.3503E-04
  4547.550  0.8907E-04  0.8893E-04  0.6712E-04  0.6704E-04  0.3505E-04  0.3504E-04
  4547.600  0.8907E-04  0.8893E-04  0.6711E-04  0.6704E-04  0.3505E-04  0.3504E-04
  4547.650  0.8907E-04  0.8893E-04  0.6711E-04  0.6704E-04  0.3505E-04  0.3504E-04
  4547.700  0.8907E-04  0.8893E-04  0.6711E-04  0.6703E-04  0.3505E-04  0.3504E-04
  4547.750  0.8906E-04  0.8888E-04  0.6711E-04  0.6699E-04  0.3505E-04  0.3501E-04
  4547.800  0.8906E-04  0.8498E-04  0.6711E-04  0.6293E-04  0.3505E-04  0.3214E-04
  4547.850  0.8906E-04  0.7443E-04  0.6711E-04  0.5273E-04  0.3505E-04  0.2684E-04
  4547.900  0.8906E-04  0.8677E-04  0.6711E-04  0.6477E-04  0.3505E-04  0.3339E-04
  4547.950  0.8906E-04  0.8891E-04  0.6711E-04  0.6701E-04  0.3505E-04  0.3503E-04
  4548.000  0.8906E-04  0.8892E-04  0.6711E-04  0.6703E-04  0.3505E-04  0.3504E-04
  4548.050  0.8906E-04  0.8892E-04  0.6711E-04  0.6703E-04  0.3505E-04  0.3504E-04
  4548.100  0.8906E-04  0.8887E-04  0.6711E-04  0.6698E-04  0.3505E-04  0.3500E-04
  4548.150  0.8906E-04  0.8891E-04  0.6711E-04  0.6702E-04  0.3505E-04  0.3503E-04
  4548.200  0.8906E-04  0.8892E-04  0.6711E-04  0.6703E-04  0.3505E-04  0.3504E-04
  4548.250  0.8906E-04  0.8892E-04  0.6711E-04  0.6703E-04  0.3505E-04  0.3504E-04
  4548.300  0.8906E-04  0.8892E-04  0.6711E-04  0.6703E-04  0.3505E-04  0.3504E-04
  4548.350  0.8906E-04  0.8892E-04  0.6711E-04  0.6703E-04  0.3505E-04  0.3504E-04
  4548.400  0.8905E-04  0.8892E-04  0.6711E-04  0.6703E-04  0.3506E-04  0.3504E-04
  4548.450  0.8905E-04  0.8892E-04  0.6711E-04  0.6703E-04  0.3506E-04  0.3504E-04
  4548.500  0.8905E-04  0.8892E-04  0.6711E-04  0.6703E-04  0.3506E-04  0.3504E-04
  4548.550  0.8905E-04  0.8892E-04  0.6711E-04  0.6703E-04  0.3506E-04  0.3504E-04
  4548.600  0.8905E-04  0.8891E-04  0.6711E-04  0.6703E-04  0.3506E-04  0.3504E-04
  4548.650  0.8905E-04  0.8891E-04  0.6711E-04  0.6702E-04  0.3506E-04  0.3504E-04
  4548.700  0.8905E-04  0.8881E-04  0.6711E-04  0.6692E-04  0.3506E-04  0.3495E-04
  4548.750  0.8905E-04  0.8767E-04  0.6711E-04  0.6567E-04  0.3506E-04  0.3389E-04
  4548.800  0.8905E-04  0.8828E-04  0.6711E-04  0.6634E-04  0.3506E-04  0.3445E-04
  4548.850  0.8905E-04  0.8889E-04  0.6711E-04  0.6700E-04  0.3506E-04  0.3503E-04
  4548.900  0.8905E-04  0.8890E-04  0.6710E-04  0.6701E-04  0.3506E-04  0.3503E-04
  4548.950  0.8905E-04  0.8889E-04  0.6710E-04  0.6701E-04  0.3506E-04  0.3503E-04
  4549.000  0.8904E-04  0.8887E-04  0.6710E-04  0.6698E-04  0.3506E-04  0.3501E-04
  4549.050  0.8904E-04  0.8887E-04  0.6710E-04  0.6699E-04  0.3506E-04  0.3502E-04
  4549.100  0.8904E-04  0.8878E-04  0.6710E-04  0.6692E-04  0.3506E-04  0.3498E-04
  4549.150  0.8904E-04  0.8374E-04  0.6710E-04  0.6229E-04  0.3506E-04  0.3230E-04
  4549.200  0.8904E-04  0.7507E-04  0.6710E-04  0.5460E-04  0.3506E-04  0.2848E-04
  4549.250  0.8904E-04  0.8706E-04  0.6710E-04  0.6535E-04  0.3506E-04  0.3406E-04
  4549.300  0.8904E-04  0.8866E-04  0.6710E-04  0.6679E-04  0.3506E-04  0.3489E-04
  4549.350  0.8904E-04  0.8834E-04  0.6710E-04  0.6649E-04  0.3506E-04  0.3469E-04
  4549.400  0.8904E-04  0.5228E-04  0.6710E-04  0.3591E-04  0.3506E-04  0.2107E-04
  4549.450  0.8904E-04  0.1688E-04  0.6710E-04  0.1551E-04  0.3506E-04  0.1245E-04
  4549.500  0.8904E-04  0.1726E-04  0.6710E-04  0.1586E-04  0.3506E-04  0.1273E-04
  4549.550  0.8904E-04  0.4619E-04  0.6710E-04  0.3161E-04  0.3506E-04  0.1965E-04
  4549.600  0.8903E-04  0.1899E-04  0.6710E-04  0.1718E-04  0.3506E-04  0.1358E-04
  4549.650  0.8903E-04  0.2184E-04  0.6710E-04  0.1901E-04  0.3506E-04  0.1490E-04
  4549.700  0.8903E-04  0.8225E-04  0.6710E-04  0.6014E-04  0.3506E-04  0.2994E-04
  4549.750  0.8903E-04  0.8757E-04  0.6710E-04  0.6559E-04  0.3506E-04  0.3380E-04
  4549.800  0.8903E-04  0.7599E-04  0.6710E-04  0.5366E-04  0.3506E-04  0.2563E-04
  4549.850  0.8903E-04  0.8254E-04  0.6710E-04  0.6022E-04  0.3506E-04  0.2953E-04
  4549.900  0.8903E-04  0.8863E-04  0.6710E-04  0.6675E-04  0.3506E-04  0.3483E-04
  4549.950  0.8903E-04  0.8866E-04  0.6710E-04  0.6679E-04  0.3506E-04  0.3489E-04
  4550.000  0.8903E-04  0.8881E-04  0.6710E-04  0.6694E-04  0.3506E-04  0.3500E-04
  4550.050  0.8903E-04  0.8887E-04  0.6710E-04  0.6699E-04  0.3506E-04  0.3503E-04
  4550.100  0.8903E-04  0.8885E-04  0.6710E-04  0.6698E-04  0.3506E-04  0.3503E-04
  4550.150  0.8903E-04  0.8887E-04  0.6709E-04  0.6700E-04  0.3506E-04  0.3504E-04
  4550.200  0.8902E-04  0.8888E-04  0.6709E-04  0.6701E-04  0.3506E-04  0.3504E-04
  4550.250  0.8902E-04  0.8887E-04  0.6709E-04  0.6700E-04  0.3506E-04  0.3504E-04
  4550.300  0.8902E-04  0.8884E-04  0.6709E-04  0.6697E-04  0.3506E-04  0.3500E-04
  4550.350  0.8902E-04  0.8888E-04  0.6709E-04  0.6701E-04  0.3506E-04  0.3505E-04
  4550.400  0.8902E-04  0.8888E-04  0.6709E-04  0.6701E-04  0.3506E-04  0.3505E-04
  4550.450  0.8902E-04  0.8888E-04  0.6709E-04  0.6701E-04  0.3506E-04  0.3505E-04
  4550.500  0.8902E-04  0.8888E-04  0.6709E-04  0.6701E-04  0.3506E-04  0.3505E-04
  4550.550  0.8902E-04  0.8888E-04  0.6709E-04  0.6701E-04  0.3506E-04  0.3505E-04
  4550.600  0.8902E-04  0.8886E-04  0.6709E-04  0.6700E-04  0.3506E-04  0.3505E-04
  4550.650  0.8902E-04  0.8881E-04  0.6709E-04  0.6696E-04  0.3506E-04  0.3504E-04
  4550.700  0.8902E-04  0.8886E-04  0.6709E-04  0.6700E-04  0.3506E-04  0.3505E-04
  4550.750  0.8902E-04  0.8888E-04  0.6709E-04  0.6701E-04  0.3506E-04  0.3505E-04
  4550.800  0.8901E-04  0.8888E-04  0.6709E-04  0.6701E-04  0.3506E-04  0.3505E-04
  4550.850  0.8901E-04  0.8888E-04  0.6709E-04  0.6701E-04  0.3507E-04  0.3505E-04
  4550.900  0.8901E-04  0.8887E-04  0.6709E-04  0.6700E-04  0.3507E-04  0.3505E-04
  4550.950  0.8901E-04  0.8878E-04  0.6709E-04  0.6692E-04  0.3507E-04  0.3500E-04
  4551.000  0.8901E-04  0.8872E-04  0.6709E-04  0.6687E-04  0.3507E-04  0.3496E-04
  4551.050  0.8901E-04  0.8887E-04  0.6709E-04  0.6701E-04  0.3507E-04  0.3505E-04
  4551.100  0.8901E-04  0.8888E-04  0.6709E-04  0.6701E-04  0.3507E-04  0.3506E-04
  4551.150  0.8901E-04  0.8884E-04  0.6709E-04  0.6698E-04  0.3507E-04  0.3503E-04
  4551.200  0.8901E-04  0.8836E-04  0.6709E-04  0.6646E-04  0.3507E-04  0.3464E-04
  4551.250  0.8901E-04  0.8856E-04  0.6709E-04  0.6668E-04  0.3507E-04  0.3480E-04
  4551.300  0.8901E-04  0.8877E-04  0.6709E-04  0.6689E-04  0.3507E-04  0.3493E-04
  4551.350  0.8901E-04  0.8887E-04  0.6709E-04  0.6701E-04  0.3507E-04  0.3505E-04
  4551.400  0.8900E-04  0.8888E-04  0.6709E-04  0.6701E-04  0.3507E-04  0.3506E-04
  4551.450  0.8900E-04  0.8888E-04  0.6708E-04  0.6701E-04  0.3507E-04  0.3506E-04
  4551.500  0.8900E-04  0.8887E-04  0.6708E-04  0.6701E-04  0.3507E-04  0.3506E-04
  4551.550  0.8900E-04  0.8887E-04  0.6708E-04  0.6701E-04  0.3507E-04  0.3506E-04
  4551.600  0.8900E-04  0.8876E-04  0.6708E-04  0.6689E-04  0.3507E-04  0.3497E-04
  4551.650  0.8900E-04  0.8833E-04  0.6708E-04  0.6643E-04  0.3507E-04  0.3462E-04
  4551.700  0.8900E-04  0.8878E-04  0.6708E-04  0.6692E-04  0.3507E-04  0.3499E-04
  4551.750  0.8900E-04  0.8886E-04  0.6708E-04  0.6700E-04  0.3507E-04  0.3505E-04
  4551.800  0.8900E-04  0.8884E-04  0.6708E-04  0.6698E-04  0.3507E-04  0.3503E-04
  4551.850  0.8900E-04  0.8885E-04  0.6708E-04  0.6699E-04  0.3507E-04  0.3504E-04
  4551.900  0.8900E-04  0.8887E-04  0.6708E-04  0.6701E-04  0.3507E-04  0.3506E-04
  4551.950  0.8900E-04  0.8887E-04  0.6708E-04  0.6701E-04  0.3507E-04  0.3506E-04
  4552.000  0.8899E-04  0.8887E-04  0.6708E-04  0.6701E-04  0.3507E-04  0.3506E-04
  4552.050  0.8899E-04  0.8887E-04  0.6708E-04  0.6701E-04  0.3507E-04  0.3506E-04
  4552.100  0.8899E-04  0.8887E-04  0.6708E-04  0.6701E-04  0.3507E-04  0.3506E-04
  4552.150  0.8899E-04  0.8887E-04  0.6708E-04  0.6701E-04  0.3507E-04  0.3506E-04
  4552.200  0.8899E-04  0.8886E-04  0.6708E-04  0.6700E-04  0.3507E-04  0.3506E-04
  4552.250  0.8899E-04  0.8838E-04  0.6708E-04  0.6648E-04  0.3507E-04  0.3458E-04
  4552.300  0.8899E-04  0.8739E-04  0.6708E-04  0.6539E-04  0.3507E-04  0.3356E-04
  4552.350  0.8899E-04  0.8866E-04  0.6708E-04  0.6680E-04  0.3507E-04  0.3488E-04
  4552.400  0.8899E-04  0.8853E-04  0.6708E-04  0.6670E-04  0.3507E-04  0.3482E-04
  4552.450  0.8899E-04  0.8705E-04  0.6708E-04  0.6506E-04  0.3507E-04  0.3344E-04
